    unsorted:	 0.07991688416 0.07645606030 0.08693703271 525.4417786 520.6436360 546.5563434 592.9821057 583.4024366 626.4522143 636.7237493 676.4770129 694.5022523 776.7248392 829.5160258 869.2536952 2.823027837 20.82129426 198.2423176 203.7377495 294.0596482 80.99357422 991.9930598 1001.365745 1147.907990 1256.559306 1456.787987 1614.100292 1697.675952 1841.196112 1997.589748 2155.238745 2278.593715 3244.190213 3601.996624 4677.472554 4563.159989 4768.275889 5668.798487 6588.141399 6831.397100 7514.915759 8131.062324 12035.12226 16757.09188 18828.67126 21555.61926 26510.12232 33422.61154 47151.06904 68370.76728 94853.18037
      sorted:	 0.07645606030 0.07991688416 0.08693703271 2.823027837 20.82129426 80.99357422 198.2423176 203.7377495 294.0596482 520.6436360 525.4417786 546.5563434 583.4024366 592.9821057 626.4522143 636.7237493 676.4770129 694.5022523 776.7248392 829.5160258 869.2536952 991.9930598 1001.365745 1147.907990 1256.559306 1456.787987 1614.100292 1697.675952 1841.196112 1997.589748 2155.238745 2278.593715 3244.190213 3601.996624 4563.159989 4677.472554 4768.275889 5668.798487 6588.141399 6831.397100 7514.915759 8131.062324 12035.12226 16757.09188 18828.67126 21555.61926 26510.12232 33422.61154 47151.06904 68370.76728 94853.18037
