    unsorted:	 0.06897499984 0.06627632805 0.07688630789 0.06211173895 24.37379081 13.50004826 79.48853866 52.72889101 414.9763412 388.3005557 384.5118515 485.8170329 585.8601308 692.2045512 711.5202729 865.8541550 1013.030104 1075.338862 1579.045324 1610.537071 1828.418504 1902.317824 2008.783794 2057.301943 2281.714121 2325.543446 2810.013011 3046.728457 3114.179096 3136.716701 3491.864527 3531.325797 3796.386287 4157.790354 4849.025378 5187.134677 5455.972599 6534.001232 7643.503624 8758.430119 9803.734854 10758.74196 12419.48565 15537.55452 19207.36878 30056.37225 44841.08385 53439.22923
      sorted:	 0.06211173895 0.06627632805 0.06897499984 0.07688630789 13.50004826 24.37379081 52.72889101 79.48853866 384.5118515 388.3005557 414.9763412 485.8170329 585.8601308 692.2045512 711.5202729 865.8541550 1013.030104 1075.338862 1579.045324 1610.537071 1828.418504 1902.317824 2008.783794 2057.301943 2281.714121 2325.543446 2810.013011 3046.728457 3114.179096 3136.716701 3491.864527 3531.325797 3796.386287 4157.790354 4849.025378 5187.134677 5455.972599 6534.001232 7643.503624 8758.430119 9803.734854 10758.74196 12419.48565 15537.55452 19207.36878 30056.37225 44841.08385 53439.22923
