    unsorted:	 0.06940625805 0.06612313528 0.06741679215 0.07783821314 19.18610081 53.12132616 81.94463706 172.8810177 450.6839136 424.9906390 476.6342323 512.5904150 975.5338777 953.2624381 1010.612301 863.4334011 1224.031879 1379.522932 1319.334682 1533.540573 2366.609834 2547.608558 3341.158994 3169.267772 3438.961494 3527.518432 3806.026457 3917.451386 4156.600489 4981.587151 5053.786321 5360.565227 5553.034780 6038.256030 6605.888802 6781.653033 7328.101599 7898.472639 8705.087697 10072.19873 11333.53803 11926.02055 14472.10358 19415.77856 29058.35955 30440.42181 43860.41467 49127.05716 52680.39448 176882.9771
      sorted:	 0.06612313528 0.06741679215 0.06940625805 0.07783821314 19.18610081 53.12132616 81.94463706 172.8810177 424.9906390 450.6839136 476.6342323 512.5904150 863.4334011 953.2624381 975.5338777 1010.612301 1224.031879 1319.334682 1379.522932 1533.540573 2366.609834 2547.608558 3169.267772 3341.158994 3438.961494 3527.518432 3806.026457 3917.451386 4156.600489 4981.587151 5053.786321 5360.565227 5553.034780 6038.256030 6605.888802 6781.653033 7328.101599 7898.472639 8705.087697 10072.19873 11333.53803 11926.02055 14472.10358 19415.77856 29058.35955 30440.42181 43860.41467 49127.05716 52680.39448 176882.9771
