    unsorted:	 0.07018344873 0.07743402969 0.07592554376 0.4557932321 44.03830279 69.66978127 96.64824053 306.9995449 416.8433904 564.3675068 929.9411988 941.7823307 967.1752277 1187.596046 1612.763423 1586.270070 1889.976683 1910.925741 2616.179281 2986.584181 3279.276346 4503.244732 4314.645645 4906.331022 5016.607770 5135.256578 5287.490553 5944.206016 6170.922787 6846.777846 7151.354305 7498.279810 7749.004274 8518.102354 8901.229757 9282.648418 9563.767219 10996.17763 11922.30807 12425.26645 13802.66095 16038.90683 17703.17539 20694.78195 29769.53158 32519.89948 47269.43602 46746.20838 49681.31305 101399.6180 955429.7064
      sorted:	 0.07018344873 0.07592554376 0.07743402969 0.4557932321 44.03830279 69.66978127 96.64824053 306.9995449 416.8433904 564.3675068 929.9411988 941.7823307 967.1752277 1187.596046 1586.270070 1612.763423 1889.976683 1910.925741 2616.179281 2986.584181 3279.276346 4314.645645 4503.244732 4906.331022 5016.607770 5135.256578 5287.490553 5944.206016 6170.922787 6846.777846 7151.354305 7498.279810 7749.004274 8518.102354 8901.229757 9282.648418 9563.767219 10996.17763 11922.30807 12425.26645 13802.66095 16038.90683 17703.17539 20694.78195 29769.53158 32519.89948 46746.20838 47269.43602 49681.31305 101399.6180 955429.7064
