    unsorted:	 0.07851494076 0.07671721594 0.07074149788 0.05651360380 40.07851027 110.3872499 110.8786255 955.3759462 982.1780302 975.9431640 1040.555079 374.7427956 350.4883271 532.3250017 1251.190648 1382.594090 1404.224739 1704.227367 2487.572574 2643.587080 2914.501768 3502.956931 3379.372633 3717.120172 4105.110725 4020.205586 4400.689372 4941.132695 5326.104168 5740.805154 5848.575099 5944.910114 6090.352971 6510.410282 6883.578467 7349.623651 7485.177982 8042.915714 9231.908274 11037.34384 11182.13945 12260.49583 14958.67712 17128.91704 21708.61323 30834.69908 36472.11485 47241.14499 45469.01265 74462.51364 646304.4994
      sorted:	 0.05651360380 0.07074149788 0.07671721594 0.07851494076 40.07851027 110.3872499 110.8786255 350.4883271 374.7427956 532.3250017 955.3759462 975.9431640 982.1780302 1040.555079 1251.190648 1382.594090 1404.224739 1704.227367 2487.572574 2643.587080 2914.501768 3379.372633 3502.956931 3717.120172 4020.205586 4105.110725 4400.689372 4941.132695 5326.104168 5740.805154 5848.575099 5944.910114 6090.352971 6510.410282 6883.578467 7349.623651 7485.177982 8042.915714 9231.908274 11037.34384 11182.13945 12260.49583 14958.67712 17128.91704 21708.61323 30834.69908 36472.11485 45469.01265 47241.14499 74462.51364 646304.4994
