    unsorted:	 0.02864094905 0.1396133458 0.2718021994 -0.05035569914 4.982938512 31.89428143 616.5233900 610.6851263 583.0144502 569.5415407 524.0554050 502.0155839 687.4901362 727.9377818 409.4193129 316.5190348 247.9798659 258.8736008 173.3746973 93.96632324 785.7578255 -63.30577216 839.7975841 894.8633488 1045.503996 1214.608143 1452.947763 1468.599218 1566.335268 1706.659658 -549.5297148 1932.390700 2189.400672 2250.197240 2709.859854 3263.414140 3528.880159 3635.754316 3749.423786 4168.315117 4478.233807 4929.612580 5123.439361 7509.737359 9195.538063 10792.18557 13041.84236 15366.57189 28132.83488 37584.15756 47145.06654
      sorted:	 -549.5297148 -63.30577216 -0.05035569914 0.02864094905 0.1396133458 0.2718021994 4.982938512 31.89428143 93.96632324 173.3746973 247.9798659 258.8736008 316.5190348 409.4193129 502.0155839 524.0554050 569.5415407 583.0144502 610.6851263 616.5233900 687.4901362 727.9377818 785.7578255 839.7975841 894.8633488 1045.503996 1214.608143 1452.947763 1468.599218 1566.335268 1706.659658 1932.390700 2189.400672 2250.197240 2709.859854 3263.414140 3528.880159 3635.754316 3749.423786 4168.315117 4478.233807 4929.612580 5123.439361 7509.737359 9195.538063 10792.18557 13041.84236 15366.57189 28132.83488 37584.15756 47145.06654
