    unsorted:	 0.08096171488 0.08423260376 0.06940826678 32.23360321 31.43520606 314.6181402 131.1431066 197.0805001 334.9307354 490.6010365 526.1820903 805.5291167 800.6389490 737.5927134 914.0487365 1035.587905 1114.542197 1140.728973 1267.731869 1343.373078 1363.189531 1621.959183 1529.948450 1643.715702 1804.906954 2035.163939 2267.377266 2440.567686 2516.070453 2865.564024 3102.348291 3491.863849 4008.640183 4093.262834 4547.362051 4958.935012 5367.703819 6264.946605 6910.667133 7171.719250 7851.112681 9358.196814 9963.150261 12135.60766 16607.82139 21797.12950 23476.56421 27588.87271 36119.79503 47154.95460 63355.69646
      sorted:	 0.06940826678 0.08096171488 0.08423260376 31.43520606 32.23360321 131.1431066 197.0805001 314.6181402 334.9307354 490.6010365 526.1820903 737.5927134 800.6389490 805.5291167 914.0487365 1035.587905 1114.542197 1140.728973 1267.731869 1343.373078 1363.189531 1529.948450 1621.959183 1643.715702 1804.906954 2035.163939 2267.377266 2440.567686 2516.070453 2865.564024 3102.348291 3491.863849 4008.640183 4093.262834 4547.362051 4958.935012 5367.703819 6264.946605 6910.667133 7171.719250 7851.112681 9358.196814 9963.150261 12135.60766 16607.82139 21797.12950 23476.56421 27588.87271 36119.79503 47154.95460 63355.69646
