    unsorted:	 0.08015986369 0.08800106109 0.5565934777 5.603336661 518.6688137 514.3636694 491.7434173 551.8728800 592.1739106 633.1942652 669.7854144 715.3574716 761.0662318 817.9463766 833.3351403 410.7970826 905.8777068 220.4527763 248.2943373 160.1196014 55.39647825 970.7193291 1021.116738 1077.366158 1153.368781 1334.318423 1546.733376 1679.110497 1801.746619 1967.756803 2189.129911 2506.666542 3051.421632 3296.856450 4192.229025 4827.943579 5816.262302 5970.593044 6949.680365 7548.124903 9382.181199 10472.45387 14646.03198 16526.58857 19312.95414 24672.10713 27636.40597 47134.06028 64856.68908 84980.20455 3187865.634
      sorted:	 0.08015986369 0.08800106109 0.5565934777 5.603336661 55.39647825 160.1196014 220.4527763 248.2943373 410.7970826 491.7434173 514.3636694 518.6688137 551.8728800 592.1739106 633.1942652 669.7854144 715.3574716 761.0662318 817.9463766 833.3351403 905.8777068 970.7193291 1021.116738 1077.366158 1153.368781 1334.318423 1546.733376 1679.110497 1801.746619 1967.756803 2189.129911 2506.666542 3051.421632 3296.856450 4192.229025 4827.943579 5816.262302 5970.593044 6949.680365 7548.124903 9382.181199 10472.45387 14646.03198 16526.58857 19312.95414 24672.10713 27636.40597 47134.06028 64856.68908 84980.20455 3187865.634
