    unsorted:	 0.06907911367 0.06973755774 0.07680878311 1.155469390 22.29597692 29.38817609 103.2973026 111.6907825 274.3564152 401.7370989 472.9421364 504.9703398 577.9291181 830.1103951 1005.252322 953.1143423 1066.085069 1214.504311 1415.164041 1515.673743 2038.295579 2405.245698 2400.306564 2657.368695 2603.413291 2862.811746 3024.413331 3233.302269 4104.081659 4052.923818 4422.941692 4768.405195 4978.786060 5203.916043 5438.664011 5876.818938 6878.061593 7238.609258 8508.421354 9651.374221 10775.06767 12075.36824 15225.16581 21171.52548 25140.63074 31079.92160 41138.25952 51222.06321 59015.49025
      sorted:	 0.06907911367 0.06973755774 0.07680878311 1.155469390 22.29597692 29.38817609 103.2973026 111.6907825 274.3564152 401.7370989 472.9421364 504.9703398 577.9291181 830.1103951 953.1143423 1005.252322 1066.085069 1214.504311 1415.164041 1515.673743 2038.295579 2400.306564 2405.245698 2603.413291 2657.368695 2862.811746 3024.413331 3233.302269 4052.923818 4104.081659 4422.941692 4768.405195 4978.786060 5203.916043 5438.664011 5876.818938 6878.061593 7238.609258 8508.421354 9651.374221 10775.06767 12075.36824 15225.16581 21171.52548 25140.63074 31079.92160 41138.25952 51222.06321 59015.49025
