    unsorted:	 0.07861885483 0.07833966940 0.07016168619 0.05130731691 2.251792810 18.64935672 178.5999184 163.7516875 76.81984340 299.3064008 351.9833344 326.1969717 402.4001237 593.2178923 547.5817302 635.8932669 778.9361935 757.0820857 869.2932216 877.4963349 953.8055583 1051.198140 1204.070359 1424.473970 1505.408509 1528.522558 1740.079728 1815.911300 1844.502961 1939.173291 2040.549415 2362.450869 2465.320562 2982.737086 3355.504366 3826.270083 4333.562244 4468.633534 5503.103850 5736.512616 7207.976645 9472.860268 10557.83553 12612.49023 16411.82897 27185.36427 36539.33432 53365.71493
      sorted:	 0.05130731691 0.07016168619 0.07833966940 0.07861885483 2.251792810 18.64935672 76.81984340 163.7516875 178.5999184 299.3064008 326.1969717 351.9833344 402.4001237 547.5817302 593.2178923 635.8932669 757.0820857 778.9361935 869.2932216 877.4963349 953.8055583 1051.198140 1204.070359 1424.473970 1505.408509 1528.522558 1740.079728 1815.911300 1844.502961 1939.173291 2040.549415 2362.450869 2465.320562 2982.737086 3355.504366 3826.270083 4333.562244 4468.633534 5503.103850 5736.512616 7207.976645 9472.860268 10557.83553 12612.49023 16411.82897 27185.36427 36539.33432 53365.71493
