    unsorted:	 0.01511327536 0.01841038364 0.08391779535 0.1386243199 29.38335675 54.66054509 140.4134118 126.7781406 164.4634775 343.9319753 350.0930593 402.7142817 444.4924771 473.7711163 620.4274333 682.7078798 703.2686668 810.2697903 798.0811756 894.4761971 -101.3237588 -148.2799865 1028.746985 1250.796812 1210.779513 1438.010207 1737.098355 2152.902024 2255.317977 2455.731414 2547.037113 2725.585280 3200.571058 3310.481503 3392.604758 3878.448622 4120.527465 4396.335619 4637.937066 5306.496141 5781.645370 6162.115199 7958.361114 8146.738654 9331.344978 10020.26985 13537.08943 17882.88593 29396.95324 37470.38943 47014.48449
      sorted:	 -148.2799865 -101.3237588 0.01511327536 0.01841038364 0.08391779535 0.1386243199 29.38335675 54.66054509 126.7781406 140.4134118 164.4634775 343.9319753 350.0930593 402.7142817 444.4924771 473.7711163 620.4274333 682.7078798 703.2686668 798.0811756 810.2697903 894.4761971 1028.746985 1210.779513 1250.796812 1438.010207 1737.098355 2152.902024 2255.317977 2455.731414 2547.037113 2725.585280 3200.571058 3310.481503 3392.604758 3878.448622 4120.527465 4396.335619 4637.937066 5306.496141 5781.645370 6162.115199 7958.361114 8146.738654 9331.344978 10020.26985 13537.08943 17882.88593 29396.95324 37470.38943 47014.48449
