    unsorted:	 0.08146966896 0.08442158600 0.07007244863 30.12854438 31.71794577 933.9816023 900.0240065 872.7948145 1039.407636 744.0855432 701.0467522 1161.383920 1113.718614 1243.435927 573.6425096 1378.716285 1422.494719 1464.280036 1570.491079 463.5059356 320.1583205 297.7603738 249.2392084 171.4482012 1672.921172 1773.463309 1985.152910 2072.975700 2164.203526 2364.180355 2599.598970 3283.881479 3399.105337 4088.819233 4219.765157 4369.776515 4661.748103 5369.685131 6275.328743 6644.706538 7289.688608 7912.995888 9749.709385 10962.17208 15334.31112 18472.10105 24539.74295 28449.44443 35968.95057 47137.64506 56004.97296
      sorted:	 0.07007244863 0.08146966896 0.08442158600 30.12854438 31.71794577 171.4482012 249.2392084 297.7603738 320.1583205 463.5059356 573.6425096 701.0467522 744.0855432 872.7948145 900.0240065 933.9816023 1039.407636 1113.718614 1161.383920 1243.435927 1378.716285 1422.494719 1464.280036 1570.491079 1672.921172 1773.463309 1985.152910 2072.975700 2164.203526 2364.180355 2599.598970 3283.881479 3399.105337 4088.819233 4219.765157 4369.776515 4661.748103 5369.685131 6275.328743 6644.706538 7289.688608 7912.995888 9749.709385 10962.17208 15334.31112 18472.10105 24539.74295 28449.44443 35968.95057 47137.64506 56004.97296
