    unsorted:	 0.08081238818 0.08161440710 0.06633313470 5.760217091 100.5925418 97.52813607 35.36311024 211.6579574 262.9371700 292.4170093 452.4766463 530.7208831 762.9019326 800.4428750 787.8415021 624.7007498 936.2600101 995.9111195 1287.862613 1291.885871 1169.212028 1402.908225 1532.036825 1566.608006 1582.696672 1827.844091 1826.497817 2203.269447 2400.566028 2446.393613 2635.829184 2862.252588 3364.529809 3550.954906 4023.709825 4328.262254 4633.969776 4884.662831 4994.916860 5745.731798 6252.784769 8161.639372 9131.622463 10994.41464 15482.72235 20477.95256 24735.56969 31294.02852 36071.89499 47156.09107 75180.88882
      sorted:	 0.06633313470 0.08081238818 0.08161440710 5.760217091 35.36311024 97.52813607 100.5925418 211.6579574 262.9371700 292.4170093 452.4766463 530.7208831 624.7007498 762.9019326 787.8415021 800.4428750 936.2600101 995.9111195 1169.212028 1287.862613 1291.885871 1402.908225 1532.036825 1566.608006 1582.696672 1826.497817 1827.844091 2203.269447 2400.566028 2446.393613 2635.829184 2862.252588 3364.529809 3550.954906 4023.709825 4328.262254 4633.969776 4884.662831 4994.916860 5745.731798 6252.784769 8161.639372 9131.622463 10994.41464 15482.72235 20477.95256 24735.56969 31294.02852 36071.89499 47156.09107 75180.88882
