    unsorted:	 0.08120335499 0.08432612770 0.06971038767 31.30798710 31.60540968 146.2404389 221.7484452 315.1813153 322.8773475 478.6583337 546.8476546 724.7990990 779.6768305 831.1336080 912.8951548 988.3581668 1086.590967 1131.703316 1224.438085 1308.241754 1437.009456 1476.893456 1539.283062 1565.304178 1767.418228 1879.612884 2138.481792 2256.916658 2354.449102 2627.011886 2853.379985 3432.884450 3722.186779 4053.950905 4423.702021 4788.134953 4961.850817 5821.143844 6668.857149 6921.787291 7529.237701 8660.227402 9865.662525 11587.40508 16060.96548 20408.15833 24450.39036 28047.96199 36240.38200 47147.95557 61534.15545
      sorted:	 0.06971038767 0.08120335499 0.08432612770 31.30798710 31.60540968 146.2404389 221.7484452 315.1813153 322.8773475 478.6583337 546.8476546 724.7990990 779.6768305 831.1336080 912.8951548 988.3581668 1086.590967 1131.703316 1224.438085 1308.241754 1437.009456 1476.893456 1539.283062 1565.304178 1767.418228 1879.612884 2138.481792 2256.916658 2354.449102 2627.011886 2853.379985 3432.884450 3722.186779 4053.950905 4423.702021 4788.134953 4961.850817 5821.143844 6668.857149 6921.787291 7529.237701 8660.227402 9865.662525 11587.40508 16060.96548 20408.15833 24450.39036 28047.96199 36240.38200 47147.95557 61534.15545
