    unsorted:	 0.08015856038 0.08800191347 0.5565942423 5.603340511 518.6688136 514.3636529 491.7434235 551.8728825 592.1739157 633.1942757 669.7854213 715.3574753 761.0662261 817.9462244 833.3341174 410.7974116 905.8777086 220.4527401 248.2943201 160.1248322 55.39637668 970.7193176 1021.116734 1077.366166 1153.368757 1334.318366 1546.733040 1679.110472 1801.745369 1967.756788 2189.129447 2506.666444 3051.421549 3296.855808 4192.228437 4827.940841 5816.262085 5970.592864 6949.680121 7548.124159 9382.180898 10472.45303 14646.02100 16526.58838 19312.95522 24672.10166 27636.39765 47134.06029 64856.68654 84980.19874 3187847.033
      sorted:	 0.08015856038 0.08800191347 0.5565942423 5.603340511 55.39637668 160.1248322 220.4527401 248.2943201 410.7974116 491.7434235 514.3636529 518.6688136 551.8728825 592.1739157 633.1942757 669.7854213 715.3574753 761.0662261 817.9462244 833.3341174 905.8777086 970.7193176 1021.116734 1077.366166 1153.368757 1334.318366 1546.733040 1679.110472 1801.745369 1967.756788 2189.129447 2506.666444 3051.421549 3296.855808 4192.228437 4827.940841 5816.262085 5970.592864 6949.680121 7548.124159 9382.180898 10472.45303 14646.02100 16526.58838 19312.95522 24672.10166 27636.39765 47134.06029 64856.68654 84980.19874 3187847.033
