    unsorted:	 0.07726948871 0.08333189446 0.07205477506 0.004819789815 414.7155708 407.6772881 426.1801814 439.6806833 394.7338772 472.0280493 485.9461335 517.7582682 356.4617529 565.7413174 585.4292114 636.7012897 213.2097713 697.7445554 162.7821478 141.9040119 47.51056270 23.41623708 824.8523549 897.0206000 1107.926029 1176.788248 1427.624292 2059.085292 2273.162259 2613.022333 2802.575430 2822.136795 3224.697796 3913.236398 4600.111218 5759.618155 5630.047251 6829.025914 7239.027050 8435.976360 10367.26504 12127.08812 16564.68110 17507.08375 53200.60429 56846.20186 60558.48913 70095.17887
      sorted:	 0.004819789815 0.07205477506 0.07726948871 0.08333189446 23.41623708 47.51056270 141.9040119 162.7821478 213.2097713 356.4617529 394.7338772 407.6772881 414.7155708 426.1801814 439.6806833 472.0280493 485.9461335 517.7582682 565.7413174 585.4292114 636.7012897 697.7445554 824.8523549 897.0206000 1107.926029 1176.788248 1427.624292 2059.085292 2273.162259 2613.022333 2802.575430 2822.136795 3224.697796 3913.236398 4600.111218 5630.047251 5759.618155 6829.025914 7239.027050 8435.976360 10367.26504 12127.08812 16564.68110 17507.08375 53200.60429 56846.20186 60558.48913 70095.17887
