    unsorted:	 0.07889896271 0.08358925686 0.06559114108 0.6655388600 3.419977877 565.7927341 545.2697510 614.8556929 643.9863283 663.7470361 707.4964020 474.7637475 443.9261472 426.5130424 757.2968954 807.9086898 843.1108029 867.1178854 179.5738772 204.0477911 200.7392950 113.7215888 1056.912307 1212.273933 1315.577258 1387.018650 1570.656519 1729.402621 1899.009398 1928.083471 2178.883319 2450.086638 3215.188188 3855.645368 4562.935845 5051.538064 5388.157890 6315.872188 7339.620143 7688.471232 12995.41299 15489.32716 17915.76619 21268.18244 25583.64463 49053.74832 59782.60207 75612.41761 298789.2185 2261729.367
      sorted:	 0.06559114108 0.07889896271 0.08358925686 0.6655388600 3.419977877 113.7215888 179.5738772 200.7392950 204.0477911 426.5130424 443.9261472 474.7637475 545.2697510 565.7927341 614.8556929 643.9863283 663.7470361 707.4964020 757.2968954 807.9086898 843.1108029 867.1178854 1056.912307 1212.273933 1315.577258 1387.018650 1570.656519 1729.402621 1899.009398 1928.083471 2178.883319 2450.086638 3215.188188 3855.645368 4562.935845 5051.538064 5388.157890 6315.872188 7339.620143 7688.471232 12995.41299 15489.32716 17915.76619 21268.18244 25583.64463 49053.74832 59782.60207 75612.41761 298789.2185 2261729.367
