    unsorted:	 0.08049108731 0.08143584158 0.06542857119 6.530880041 13.88634331 48.26869723 95.31635608 177.9660013 295.2258043 278.6304231 452.7259223 466.4458037 491.1297079 726.9562665 816.0998670 867.3999534 975.8110460 1091.677004 1125.935399 1285.040935 1420.101353 1518.377704 1667.647943 1753.030331 1764.632599 1953.106645 2109.864780 2486.648808 2608.593829 2815.374300 2958.662283 3291.951019 3681.461659 3939.630877 4163.300248 4500.873274 4838.918819 5192.304513 5634.081502 6581.056082 6927.369092 9007.581349 9631.021614 11859.68293 17473.46600 22962.62950 26653.98698 31875.58853 37699.68091 47175.74533 92465.68299
      sorted:	 0.06542857119 0.08049108731 0.08143584158 6.530880041 13.88634331 48.26869723 95.31635608 177.9660013 278.6304231 295.2258043 452.7259223 466.4458037 491.1297079 726.9562665 816.0998670 867.3999534 975.8110460 1091.677004 1125.935399 1285.040935 1420.101353 1518.377704 1667.647943 1753.030331 1764.632599 1953.106645 2109.864780 2486.648808 2608.593829 2815.374300 2958.662283 3291.951019 3681.461659 3939.630877 4163.300248 4500.873274 4838.918819 5192.304513 5634.081502 6581.056082 6927.369092 9007.581349 9631.021614 11859.68293 17473.46600 22962.62950 26653.98698 31875.58853 37699.68091 47175.74533 92465.68299
