    unsorted:	 0.08205466475 0.08374639105 0.02729785029 0.7968579458 28.25397648 25.26404123 128.0941128 877.1110940 871.4649345 820.8211553 775.8043368 1125.546586 1077.256389 1054.164296 1257.704148 1232.355937 1313.983049 610.9047057 440.9664211 304.3776721 185.6374657 1610.995545 1564.412164 1755.645171 1726.771237 1856.704840 1955.344910 2304.237638 2547.156770 2657.362493 2783.962150 3102.114121 3489.244161 4166.289043 4214.660940 4530.816847 4664.266918 5624.891266 6021.598779 6271.191038 6686.317661 7388.674325 8862.097585 10681.52808 12932.35905 14558.15519 16138.46012 19116.55632 27948.11881 34290.29261 38005.87360 42304.67368 50502.47983 174789.1356
      sorted:	 0.02729785029 0.08205466475 0.08374639105 0.7968579458 25.26404123 28.25397648 128.0941128 185.6374657 304.3776721 440.9664211 610.9047057 775.8043368 820.8211553 871.4649345 877.1110940 1054.164296 1077.256389 1125.546586 1232.355937 1257.704148 1313.983049 1564.412164 1610.995545 1726.771237 1755.645171 1856.704840 1955.344910 2304.237638 2547.156770 2657.362493 2783.962150 3102.114121 3489.244161 4166.289043 4214.660940 4530.816847 4664.266918 5624.891266 6021.598779 6271.191038 6686.317661 7388.674325 8862.097585 10681.52808 12932.35905 14558.15519 16138.46012 19116.55632 27948.11881 34290.29261 38005.87360 42304.67368 50502.47983 174789.1356
