    unsorted:	 0.08213729847 0.08347955912 0.07046285204 27.99720658 21.91043886 118.9299882 143.8381300 231.2948078 300.4619457 875.7811661 851.2265508 799.0887301 750.5601463 1010.272010 1032.532488 1090.575318 1168.550566 1234.684769 614.4358245 1281.462438 437.4305141 1584.916067 1598.246547 1555.662341 1529.335681 1717.204770 1746.061555 1869.153111 1965.941448 2286.409327 2517.076374 2651.050570 3029.245289 3088.070805 3455.845403 4229.707732 4128.135853 4645.404300 5144.758396 5660.793848 6024.568407 6370.473583 6817.658164 7513.741061 8818.260193 11225.48171 12289.24097 14854.08620 15734.05216 18336.83797 28165.29742 33945.32012 36898.29829 40896.38792 48353.05952
      sorted:	 0.07046285204 0.08213729847 0.08347955912 21.91043886 27.99720658 118.9299882 143.8381300 231.2948078 300.4619457 437.4305141 614.4358245 750.5601463 799.0887301 851.2265508 875.7811661 1010.272010 1032.532488 1090.575318 1168.550566 1234.684769 1281.462438 1529.335681 1555.662341 1584.916067 1598.246547 1717.204770 1746.061555 1869.153111 1965.941448 2286.409327 2517.076374 2651.050570 3029.245289 3088.070805 3455.845403 4128.135853 4229.707732 4645.404300 5144.758396 5660.793848 6024.568407 6370.473583 6817.658164 7513.741061 8818.260193 11225.48171 12289.24097 14854.08620 15734.05216 18336.83797 28165.29742 33945.32012 36898.29829 40896.38792 48353.05952
