    unsorted:	 0.08212874081 0.08347941068 0.07045584054 27.99720086 21.91042668 118.9302154 143.8380977 231.2949940 300.4619492 875.7811685 851.2262866 799.0887370 750.5601479 1010.271981 1032.532410 1090.575338 1168.550461 1234.684758 614.4358312 1281.462504 437.4305734 1584.916122 1598.246553 1555.662257 1529.335597 1717.204732 1746.061531 1869.153140 1965.941300 2286.409283 2517.076377 2651.050558 3029.245207 3088.070773 3455.845280 4229.707723 4128.135731 4645.404056 5144.758294 5660.793727 6024.568208 6370.473410 6817.658032 7513.740839 8818.260032 11225.48142 12289.24038 14854.08519 15734.05149 18336.83712 28165.29693 33945.31909 36898.29666 40896.38788 48353.05685
      sorted:	 0.07045584054 0.08212874081 0.08347941068 21.91042668 27.99720086 118.9302154 143.8380977 231.2949940 300.4619492 437.4305734 614.4358312 750.5601479 799.0887370 851.2262866 875.7811685 1010.271981 1032.532410 1090.575338 1168.550461 1234.684758 1281.462504 1529.335597 1555.662257 1584.916122 1598.246553 1717.204732 1746.061531 1869.153140 1965.941300 2286.409283 2517.076377 2651.050558 3029.245207 3088.070773 3455.845280 4128.135731 4229.707723 4645.404056 5144.758294 5660.793727 6024.568208 6370.473410 6817.658032 7513.740839 8818.260032 11225.48142 12289.24038 14854.08519 15734.05149 18336.83712 28165.29693 33945.31909 36898.29666 40896.38788 48353.05685
