    unsorted:	 0.07914728680 0.08431102730 0.1010307282 555.9939897 501.0064430 527.1126368 595.0225175 460.6431689 442.2158490 427.7063754 632.1495825 649.0105191 710.9831947 751.7756858 757.6638705 818.9668534 214.6861333 265.8240644 187.4376604 6.303575312 57.28678568 92.69035955 905.6783868 1018.387093 1106.832675 1309.260840 1480.983558 1525.249106 1604.015173 1883.575665 2065.301247 2235.965410 2824.896897 3167.831829 3910.797208 4417.509386 5387.680456 5602.202755 5824.818929 6592.209975 7286.141057 10407.05124 16557.50831 17819.51509 19125.09222 22863.29605 49026.17451 58913.00825 75447.89035 17531467.17
      sorted:	 0.07914728680 0.08431102730 0.1010307282 6.303575312 57.28678568 92.69035955 187.4376604 214.6861333 265.8240644 427.7063754 442.2158490 460.6431689 501.0064430 527.1126368 555.9939897 595.0225175 632.1495825 649.0105191 710.9831947 751.7756858 757.6638705 818.9668534 905.6783868 1018.387093 1106.832675 1309.260840 1480.983558 1525.249106 1604.015173 1883.575665 2065.301247 2235.965410 2824.896897 3167.831829 3910.797208 4417.509386 5387.680456 5602.202755 5824.818929 6592.209975 7286.141057 10407.05124 16557.50831 17819.51509 19125.09222 22863.29605 49026.17451 58913.00825 75447.89035 17531467.17
