    unsorted:	 0.07012309769 0.07379006445 0.06580722905 0.07841858346 2.858221012 40.93757515 89.81229526 298.1037766 369.4277965 541.2635490 906.3385302 995.3770109 1257.229257 1392.475860 2164.340719 2154.838072 1835.874084 2981.416440 3251.691001 4262.373474 4371.185119 4629.785589 5074.472287 5264.203236 5608.612006 6222.708220 6363.595805 6663.932641 6974.680965 7420.314036 7694.887963 7862.900740 8163.960494 8956.152381 9121.502972 10107.00208 11074.42744 11631.87677 13181.54500 14518.94864 14982.60556 16879.30700 17050.20121 17714.52909 22541.82369 23722.96291 29923.05282 33401.07202 42424.57003 41678.72700 50729.58414 56690.83878 138982.5846 653777.4065
      sorted:	 0.06580722905 0.07012309769 0.07379006445 0.07841858346 2.858221012 40.93757515 89.81229526 298.1037766 369.4277965 541.2635490 906.3385302 995.3770109 1257.229257 1392.475860 1835.874084 2154.838072 2164.340719 2981.416440 3251.691001 4262.373474 4371.185119 4629.785589 5074.472287 5264.203236 5608.612006 6222.708220 6363.595805 6663.932641 6974.680965 7420.314036 7694.887963 7862.900740 8163.960494 8956.152381 9121.502972 10107.00208 11074.42744 11631.87677 13181.54500 14518.94864 14982.60556 16879.30700 17050.20121 17714.52909 22541.82369 23722.96291 29923.05282 33401.07202 41678.72700 42424.57003 50729.58414 56690.83878 138982.5846 653777.4065
