    unsorted:	 0.07021520764 0.06668127586 0.07467984729 0.07838122936 13.18801729 40.91231625 89.27732968 310.6428424 365.3360228 541.5423087 907.6938223 1000.394187 1305.210461 1377.109346 1776.493273 2117.151178 2210.411617 2931.942696 3212.820389 5089.509478 4408.765459 4446.460253 4238.438531 5337.360527 5261.836242 5698.490037 6267.483805 6498.674913 6743.174730 7425.549406 7700.523586 7827.798983 8213.401442 8833.218582 9020.551644 9187.708354 10281.63353 11181.46896 12036.75233 14195.98253 14704.96302 15063.29382 16919.28334 17353.96575 18372.62927 22720.03892 25171.68227 30262.22936 34094.72955 41009.91623 43410.90139 51022.62450 58860.56340 142531.9734 646136.0528
      sorted:	 0.06668127586 0.07021520764 0.07467984729 0.07838122936 13.18801729 40.91231625 89.27732968 310.6428424 365.3360228 541.5423087 907.6938223 1000.394187 1305.210461 1377.109346 1776.493273 2117.151178 2210.411617 2931.942696 3212.820389 4238.438531 4408.765459 4446.460253 5089.509478 5261.836242 5337.360527 5698.490037 6267.483805 6498.674913 6743.174730 7425.549406 7700.523586 7827.798983 8213.401442 8833.218582 9020.551644 9187.708354 10281.63353 11181.46896 12036.75233 14195.98253 14704.96302 15063.29382 16919.28334 17353.96575 18372.62927 22720.03892 25171.68227 30262.22936 34094.72955 41009.91623 43410.90139 51022.62450 58860.56340 142531.9734 646136.0528
