    unsorted:	 0.07020738040 0.07400190290 0.07840440752 0.06549388544 4.838863748 40.88956888 89.53316793 309.1558953 365.5486210 541.3032005 907.2025297 999.0187764 1276.052600 1377.441329 1775.062912 2114.867426 2201.325390 2932.812485 3213.354421 5299.535339 4380.521020 4425.985772 4235.859771 5066.055627 5236.854444 5635.915300 6240.259180 6446.380031 6744.790460 7392.146896 7674.040546 7785.403974 8146.042592 8646.197796 8933.012933 9109.208377 10182.84196 11114.78748 11905.16434 13886.05922 14529.09293 14962.73764 16888.68124 17163.54254 17882.55244 22538.18316 24426.84458 30059.79025 33545.61837 41009.63485 42157.79278 50708.29436 57073.16415 138927.1240 640564.8559
      sorted:	 0.06549388544 0.07020738040 0.07400190290 0.07840440752 4.838863748 40.88956888 89.53316793 309.1558953 365.5486210 541.3032005 907.2025297 999.0187764 1276.052600 1377.441329 1775.062912 2114.867426 2201.325390 2932.812485 3213.354421 4235.859771 4380.521020 4425.985772 5066.055627 5236.854444 5299.535339 5635.915300 6240.259180 6446.380031 6744.790460 7392.146896 7674.040546 7785.403974 8146.042592 8646.197796 8933.012933 9109.208377 10182.84196 11114.78748 11905.16434 13886.05922 14529.09293 14962.73764 16888.68124 17163.54254 17882.55244 22538.18316 24426.84458 30059.79025 33545.61837 41009.63485 42157.79278 50708.29436 57073.16415 138927.1240 640564.8559
