    unsorted:	 0.07020783136 0.07400288660 0.07840426040 0.06549664924 4.838868241 40.88955835 89.53322976 309.1558921 365.5485992 541.3032705 907.2024694 999.0189631 1276.052624 1377.441248 1775.062986 2114.867659 2201.325489 2932.812503 3213.354757 5299.535635 4380.521250 4425.986102 4235.860015 5066.055648 5236.854673 5635.915554 6240.259628 6446.380298 6744.791198 7392.147593 7674.041288 7785.404659 8146.043077 8646.198134 8933.013353 9109.208877 10182.84220 11114.78807 11905.16451 13886.06009 14529.09382 14962.73830 16888.68080 17163.54314 17882.55293 22538.18433 24426.84543 30059.79170 33545.61983 41009.63486 42157.79484 50708.29516 57073.16841 138927.1347 640564.9688
      sorted:	 0.06549664924 0.07020783136 0.07400288660 0.07840426040 4.838868241 40.88955835 89.53322976 309.1558921 365.5485992 541.3032705 907.2024694 999.0189631 1276.052624 1377.441248 1775.062986 2114.867659 2201.325489 2932.812503 3213.354757 4235.860015 4380.521250 4425.986102 5066.055648 5236.854673 5299.535635 5635.915554 6240.259628 6446.380298 6744.791198 7392.147593 7674.041288 7785.404659 8146.043077 8646.198134 8933.013353 9109.208877 10182.84220 11114.78807 11905.16451 13886.06009 14529.09382 14962.73830 16888.68080 17163.54314 17882.55293 22538.18433 24426.84543 30059.79170 33545.61983 41009.63486 42157.79484 50708.29516 57073.16841 138927.1347 640564.9688
