    unsorted:	 0.08121130453 0.08387251162 0.06807046985 37.92958958 42.00649180 97.32440541 787.7443199 771.2880574 827.3445372 893.3740739 949.4790962 1043.624471 648.3517115 527.9796860 1178.660638 1315.394239 1317.855924 209.6995349 164.9409646 307.3494713 1423.056630 1635.170627 1587.514732 1668.144306 1910.281368 2011.667179 2284.080049 2310.542180 2539.830253 2778.569439 3022.727181 3418.455307 3909.248026 4024.131182 4288.958696 4889.745957 5201.702493 6007.676965 5793.717652 6683.240822 7074.233221 8953.885401 9756.141749 11700.72930 16505.88677 21595.74223 25710.74297 29326.68921 36946.02387 47165.91056 72228.13649
      sorted:	 0.06807046985 0.08121130453 0.08387251162 37.92958958 42.00649180 97.32440541 164.9409646 209.6995349 307.3494713 527.9796860 648.3517115 771.2880574 787.7443199 827.3445372 893.3740739 949.4790962 1043.624471 1178.660638 1315.394239 1317.855924 1423.056630 1587.514732 1635.170627 1668.144306 1910.281368 2011.667179 2284.080049 2310.542180 2539.830253 2778.569439 3022.727181 3418.455307 3909.248026 4024.131182 4288.958696 4889.745957 5201.702493 5793.717652 6007.676965 6683.240822 7074.233221 8953.885401 9756.141749 11700.72930 16505.88677 21595.74223 25710.74297 29326.68921 36946.02387 47165.91056 72228.13649
