    unsorted:	 0.07892768693 0.07133187961 0.07704614834 0.06130741025 1035.370495 1022.372723 1003.334207 1111.549350 1172.127964 1217.532768 831.8865696 35.15284767 168.0919079 129.1885657 310.9289051 388.0414466 497.8852233 1455.155492 1998.809252 2621.685794 2774.528010 2553.087004 2860.108937 2952.479535 3181.011026 3330.079924 3476.148839 4204.569564 4267.478502 4325.546931 4552.765687 4899.514659 4942.301981 5304.227433 5497.807793 5825.296595 6660.811403 7010.724046 7632.459972 8740.886306 9215.044390 11618.91916 12293.78639 15165.50660 17708.17342 25534.43719 30907.02157 41865.47627 47214.76700 53707.41154 254252.8796
      sorted:	 0.06130741025 0.07133187961 0.07704614834 0.07892768693 35.15284767 129.1885657 168.0919079 310.9289051 388.0414466 497.8852233 831.8865696 1003.334207 1022.372723 1035.370495 1111.549350 1172.127964 1217.532768 1455.155492 1998.809252 2553.087004 2621.685794 2774.528010 2860.108937 2952.479535 3181.011026 3330.079924 3476.148839 4204.569564 4267.478502 4325.546931 4552.765687 4899.514659 4942.301981 5304.227433 5497.807793 5825.296595 6660.811403 7010.724046 7632.459972 8740.886306 9215.044390 11618.91916 12293.78639 15165.50660 17708.17342 25534.43719 30907.02157 41865.47627 47214.76700 53707.41154 254252.8796
