    unsorted:	 0.08039859275 0.08055675100 0.08797373710 0.005000452731 0.05701517643 614.4935396 522.1665599 583.1023503 550.9635010 499.8468030 478.0712310 447.5085916 674.2225866 744.0110900 765.7837812 802.3202205 837.7262598 842.1472704 934.4416497 224.5384314 251.5706512 987.4818007 51.36315594 1193.522098 1310.555845 1474.815219 1568.737421 1797.727273 1996.398648 2134.338398 2304.210718 2425.735755 2752.085018 4053.854475 4346.230731 4706.628538 5292.861253 5857.091727 6210.484380 7083.943029 8205.626779 9122.230449 11661.18368 12663.45793 15772.53428 17027.85465 22940.75884 28185.21286 33925.63678 42301.63608 66271.38424 83744.76828 122182.4748 131973.3617
      sorted:	 0.005000452731 0.05701517643 0.08039859275 0.08055675100 0.08797373710 51.36315594 224.5384314 251.5706512 447.5085916 478.0712310 499.8468030 522.1665599 550.9635010 583.1023503 614.4935396 674.2225866 744.0110900 765.7837812 802.3202205 837.7262598 842.1472704 934.4416497 987.4818007 1193.522098 1310.555845 1474.815219 1568.737421 1797.727273 1996.398648 2134.338398 2304.210718 2425.735755 2752.085018 4053.854475 4346.230731 4706.628538 5292.861253 5857.091727 6210.484380 7083.943029 8205.626779 9122.230449 11661.18368 12663.45793 15772.53428 17027.85465 22940.75884 28185.21286 33925.63678 42301.63608 66271.38424 83744.76828 122182.4748 131973.3617
