    unsorted:	 0.08022208310 0.08746648975 0.03938894022 0.005030467432 0.1669091797 576.2615136 571.6764583 522.6979867 507.0346308 497.3510157 626.9946825 653.4984150 466.4594940 698.5590947 727.2497152 406.4419509 789.1083675 844.6155408 886.4145608 902.2592652 919.1609430 203.3341278 206.2120226 1063.638658 77.70645081 1130.676373 1301.504299 1346.849152 1587.474011 1676.222019 1858.452298 1941.135619 2184.377289 2653.147068 2782.572236 3343.655588 4855.432941 5162.877592 5832.991126 6109.521501 6576.325168 7365.599818 9168.137919 9482.371381 13691.33003 14441.02772 18222.82426 18926.41495 26221.13061 33018.69801 40904.67363 41875.64841 69860.63661 74154.51242 97576.45984
      sorted:	 0.005030467432 0.03938894022 0.08022208310 0.08746648975 0.1669091797 77.70645081 203.3341278 206.2120226 406.4419509 466.4594940 497.3510157 507.0346308 522.6979867 571.6764583 576.2615136 626.9946825 653.4984150 698.5590947 727.2497152 789.1083675 844.6155408 886.4145608 902.2592652 919.1609430 1063.638658 1130.676373 1301.504299 1346.849152 1587.474011 1676.222019 1858.452298 1941.135619 2184.377289 2653.147068 2782.572236 3343.655588 4855.432941 5162.877592 5832.991126 6109.521501 6576.325168 7365.599818 9168.137919 9482.371381 13691.33003 14441.02772 18222.82426 18926.41495 26221.13061 33018.69801 40904.67363 41875.64841 69860.63661 74154.51242 97576.45984
