    unsorted:	 0.08043533418 0.08786307167 0.08326049583 0.05072540897 2.073203770 613.9560132 584.6619905 578.8377910 549.3703095 520.3480935 498.3031582 477.8080977 659.5896411 680.6468515 743.1109058 796.0080302 819.6605753 844.2319736 387.6573943 223.7750643 252.7539143 50.45623959 982.2400196 1038.351390 1085.766025 1202.063197 1334.401616 1536.230897 1614.777665 1846.761193 1957.640125 2337.865494 2399.000695 2514.984641 3267.613223 4165.423497 4761.516706 4923.129251 5647.444782 5917.432201 6496.741310 7165.750777 8235.606521 9683.460493 12172.46771 13760.86286 16089.62716 17114.68656 22951.20666 29695.69464 36450.29613 40900.50159 66197.73667 83832.82571 152303.2109
      sorted:	 0.05072540897 0.08043533418 0.08326049583 0.08786307167 2.073203770 50.45623959 223.7750643 252.7539143 387.6573943 477.8080977 498.3031582 520.3480935 549.3703095 578.8377910 584.6619905 613.9560132 659.5896411 680.6468515 743.1109058 796.0080302 819.6605753 844.2319736 982.2400196 1038.351390 1085.766025 1202.063197 1334.401616 1536.230897 1614.777665 1846.761193 1957.640125 2337.865494 2399.000695 2514.984641 3267.613223 4165.423497 4761.516706 4923.129251 5647.444782 5917.432201 6496.741310 7165.750777 8235.606521 9683.460493 12172.46771 13760.86286 16089.62716 17114.68656 22951.20666 29695.69464 36450.29613 40900.50159 66197.73667 83832.82571 152303.2109
