    unsorted:	 0.07859977537 0.07807947831 0.06819910170 0.05831431335 2.865367293 209.8662771 206.6984417 195.8847398 21.01359711 101.5305015 305.9093114 425.0626058 475.1538004 538.2988981 665.4353276 709.1838994 892.6300713 922.6371014 992.2704296 1121.527553 1198.489463 1229.215668 1301.819626 1390.748213 1513.669755 1678.159928 1967.098709 2095.184421 2149.907665 2453.646668 2647.023771 2945.489006 3278.539487 3615.338958 4067.912854 4309.275145 4443.015601 4755.693692 5443.755531 7301.606274 8383.895485 10583.75214 12811.17221 16297.67429 19232.81376 22875.66347 31747.51284 45875.12606 51166.87200
      sorted:	 0.05831431335 0.06819910170 0.07807947831 0.07859977537 2.865367293 21.01359711 101.5305015 195.8847398 206.6984417 209.8662771 305.9093114 425.0626058 475.1538004 538.2988981 665.4353276 709.1838994 892.6300713 922.6371014 992.2704296 1121.527553 1198.489463 1229.215668 1301.819626 1390.748213 1513.669755 1678.159928 1967.098709 2095.184421 2149.907665 2453.646668 2647.023771 2945.489006 3278.539487 3615.338958 4067.912854 4309.275145 4443.015601 4755.693692 5443.755531 7301.606274 8383.895485 10583.75214 12811.17221 16297.67429 19232.81376 22875.66347 31747.51284 45875.12606 51166.87200
