    unsorted:	 0.07900454367 0.08393649003 0.3447308129 3.872657288 549.1608001 588.9408349 525.5970129 630.9287131 658.5491063 681.5006202 468.8800548 438.7880239 427.3799104 749.1167685 777.4358235 813.8748601 824.0323549 195.3507040 231.2487526 183.3137315 108.2530121 66.62349230 984.9806634 1118.969239 1218.656908 1446.913521 1445.343684 1634.645476 1753.456526 2021.027190 2141.069369 2230.109551 3046.999706 3422.291409 4460.825840 4483.101458 5486.602286 6467.324871 6385.513082 7465.551222 11709.13063 14803.73329 17779.75918 19461.96429 24454.65025 42657.74700 49041.25055 57774.52419 73662.89614 206340.1421
      sorted:	 0.07900454367 0.08393649003 0.3447308129 3.872657288 66.62349230 108.2530121 183.3137315 195.3507040 231.2487526 427.3799104 438.7880239 468.8800548 525.5970129 549.1608001 588.9408349 630.9287131 658.5491063 681.5006202 749.1167685 777.4358235 813.8748601 824.0323549 984.9806634 1118.969239 1218.656908 1445.343684 1446.913521 1634.645476 1753.456526 2021.027190 2141.069369 2230.109551 3046.999706 3422.291409 4460.825840 4483.101458 5486.602286 6385.513082 6467.324871 7465.551222 11709.13063 14803.73329 17779.75918 19461.96429 24454.65025 42657.74700 49041.25055 57774.52419 73662.89614 206340.1421
