    unsorted:	 0.06837040174 0.06865094843 0.06274353073 0.06084064267 0.07776757264 29.71720360 75.79547297 244.0630569 268.1516728 384.2451708 604.3505142 617.5382686 900.9586124 958.0134224 1279.946251 1310.720084 1654.957777 1721.673609 1845.346916 1989.843855 2838.000535 3392.765732 4073.066645 4924.620572 5038.371316 4686.930472 5283.903151 5474.850070 5768.179252 6442.325257 7106.731218 7370.777506 7776.541286 8400.970279 9032.446714 9598.203998 10317.90487 10741.64818 11309.07626 12383.40691 14058.59628 14668.17836 16523.21222 22025.39292 30791.61121 31661.88729 47265.34965 47311.33851 53097.57514 102182.7529 850980.3393
      sorted:	 0.06084064267 0.06274353073 0.06837040174 0.06865094843 0.07776757264 29.71720360 75.79547297 244.0630569 268.1516728 384.2451708 604.3505142 617.5382686 900.9586124 958.0134224 1279.946251 1310.720084 1654.957777 1721.673609 1845.346916 1989.843855 2838.000535 3392.765732 4073.066645 4686.930472 4924.620572 5038.371316 5283.903151 5474.850070 5768.179252 6442.325257 7106.731218 7370.777506 7776.541286 8400.970279 9032.446714 9598.203998 10317.90487 10741.64818 11309.07626 12383.40691 14058.59628 14668.17836 16523.21222 22025.39292 30791.61121 31661.88729 47265.34965 47311.33851 53097.57514 102182.7529 850980.3393
