    unsorted:	 0.06816180661 0.07877270278 0.07061055644 0.06195289961 18.38340439 32.46698339 1032.892728 1004.332092 963.8466762 1081.677060 671.0138208 633.8174293 582.3665836 414.9933572 218.6002960 88.85915987 1315.744527 1456.809939 1608.792571 1807.841685 2493.793684 2645.225918 3771.853639 3613.803877 3430.818813 4018.062816 4186.269574 4212.229198 4470.117136 4985.734438 5431.566036 5859.223347 6006.785445 6390.161920 6558.520089 7146.959497 7386.930896 7932.906574 8838.202628 9526.480340 10834.22337 11910.69537 13533.16258 15768.33892 21182.70422 30105.29719 35330.68888 47239.43370 45146.09431 68057.92318 417744.2135
      sorted:	 0.06195289961 0.06816180661 0.07061055644 0.07877270278 18.38340439 32.46698339 88.85915987 218.6002960 414.9933572 582.3665836 633.8174293 671.0138208 963.8466762 1004.332092 1032.892728 1081.677060 1315.744527 1456.809939 1608.792571 1807.841685 2493.793684 2645.225918 3430.818813 3613.803877 3771.853639 4018.062816 4186.269574 4212.229198 4470.117136 4985.734438 5431.566036 5859.223347 6006.785445 6390.161920 6558.520089 7146.959497 7386.930896 7932.906574 8838.202628 9526.480340 10834.22337 11910.69537 13533.16258 15768.33892 21182.70422 30105.29719 35330.68888 45146.09431 47239.43370 68057.92318 417744.2135
