    unsorted:	 0.07892428748 0.07133755774 0.07704085442 0.06130747758 1035.370494 1022.372739 1003.334179 1111.549454 1172.128011 1217.532808 831.8865742 35.15284051 168.0920867 129.1885772 310.9289218 388.0414181 497.8853218 1455.155528 1998.809320 2621.685760 2774.528025 2553.086972 2860.108939 2952.479537 3181.011058 3330.079874 3476.148806 4204.569665 4267.478316 4325.546764 4552.765669 4899.514531 4942.301605 5304.227286 5497.807775 5825.296546 6660.811412 7010.724005 7632.460095 8740.886276 9215.044305 11618.91846 12293.78623 15165.50538 17708.17318 25534.43712 30907.02207 41865.47621 47214.76700 53707.41124 254252.9298
      sorted:	 0.06130747758 0.07133755774 0.07704085442 0.07892428748 35.15284051 129.1885772 168.0920867 310.9289218 388.0414181 497.8853218 831.8865742 1003.334179 1022.372739 1035.370494 1111.549454 1172.128011 1217.532808 1455.155528 1998.809320 2553.086972 2621.685760 2774.528025 2860.108939 2952.479537 3181.011058 3330.079874 3476.148806 4204.569665 4267.478316 4325.546764 4552.765669 4899.514531 4942.301605 5304.227286 5497.807775 5825.296546 6660.811412 7010.724005 7632.460095 8740.886276 9215.044305 11618.91846 12293.78623 15165.50538 17708.17318 25534.43712 30907.02207 41865.47621 47214.76700 53707.41124 254252.9298
