    unsorted:	 0.07731418986 0.08306028155 0.06869199224 1.871316876 14.87034962 31.38512273 409.9709869 402.2306031 445.5010111 477.3342521 492.0661458 514.1415348 530.3926454 362.3759227 339.4932379 572.5272278 251.1035799 208.7632894 611.3639124 142.0735520 640.8769744 103.3930595 756.2720554 810.8151056 833.5632495 953.8556852 1020.963096 1094.052071 1265.998570 1521.828277 1716.764665 2265.851611 2894.928923 2939.631963 3186.109009 3666.685893 4592.435024 5677.545802 6560.649411 7257.282973 8776.731086 11083.95773 12659.96961 13653.58822 17450.97661 51136.63002 55271.14116 71284.94513 7403605.768
      sorted:	 0.06869199224 0.07731418986 0.08306028155 1.871316876 14.87034962 31.38512273 103.3930595 142.0735520 208.7632894 251.1035799 339.4932379 362.3759227 402.2306031 409.9709869 445.5010111 477.3342521 492.0661458 514.1415348 530.3926454 572.5272278 611.3639124 640.8769744 756.2720554 810.8151056 833.5632495 953.8556852 1020.963096 1094.052071 1265.998570 1521.828277 1716.764665 2265.851611 2894.928923 2939.631963 3186.109009 3666.685893 4592.435024 5677.545802 6560.649411 7257.282973 8776.731086 11083.95773 12659.96961 13653.58822 17450.97661 51136.63002 55271.14116 71284.94513 7403605.768
