    unsorted:	 0.07692339762 0.08226420170 0.2200252812 2.907367947 529.2248986 530.6217959 483.9973406 462.7420964 433.9742498 418.8315131 414.2041607 572.7930017 618.1828700 646.6176999 265.0634848 176.4190490 103.0959251 133.0440903 65.82542270 36.99340624 699.6162547 738.0316881 888.3874452 973.4199630 1024.861966 1165.925242 1337.370552 1581.609334 1986.982988 2178.530873 2763.448053 3023.233795 3126.303108 3322.790115 4183.514219 5428.553163 5982.816712 6961.737047 7263.951017 10814.77458 12332.76589 15577.73459 17113.67382 17765.86548 51160.23857 51863.17838 67555.20391 100476.0546 382039.0392
      sorted:	 0.07692339762 0.08226420170 0.2200252812 2.907367947 36.99340624 65.82542270 103.0959251 133.0440903 176.4190490 265.0634848 414.2041607 418.8315131 433.9742498 462.7420964 483.9973406 529.2248986 530.6217959 572.7930017 618.1828700 646.6176999 699.6162547 738.0316881 888.3874452 973.4199630 1024.861966 1165.925242 1337.370552 1581.609334 1986.982988 2178.530873 2763.448053 3023.233795 3126.303108 3322.790115 4183.514219 5428.553163 5982.816712 6961.737047 7263.951017 10814.77458 12332.76589 15577.73459 17113.67382 17765.86548 51160.23857 51863.17838 67555.20391 100476.0546 382039.0392
