    unsorted:	 0.08144995960 0.08454985859 0.07002738513 29.77105902 31.60105055 345.8573035 321.6625019 302.2249544 265.7719523 381.8933573 237.0806593 446.8418331 463.5680470 572.0898743 605.3889109 659.7185637 795.0054100 804.3581068 884.6428274 953.4741350 1017.190384 1071.923130 1161.813033 1423.080869 1525.795865 1536.857434 1617.133947 1643.227449 1721.371020 2067.259277 2193.121569 3011.527123 3371.210571 3921.504189 4167.842421 4265.334536 4481.161528 4989.874160 5946.593161 6533.475456 7103.875534 7470.288377 9747.693744 10864.66554 14656.14953 17804.45080 22261.55029 27038.73758 35531.00193 46973.91532 45591.35357
      sorted:	 0.07002738513 0.08144995960 0.08454985859 29.77105902 31.60105055 237.0806593 265.7719523 302.2249544 321.6625019 345.8573035 381.8933573 446.8418331 463.5680470 572.0898743 605.3889109 659.7185637 795.0054100 804.3581068 884.6428274 953.4741350 1017.190384 1071.923130 1161.813033 1423.080869 1525.795865 1536.857434 1617.133947 1643.227449 1721.371020 2067.259277 2193.121569 3011.527123 3371.210571 3921.504189 4167.842421 4265.334536 4481.161528 4989.874160 5946.593161 6533.475456 7103.875534 7470.288377 9747.693744 10864.66554 14656.14953 17804.45080 22261.55029 27038.73758 35531.00193 45591.35357 46973.91532
