    unsorted:	 0.07883953881 0.07820528158 0.07580641168 0.06902888700 0.05913632296 2.730537379 22.05601826 204.2054200 193.1100967 98.81372586 325.4346838 422.9707127 483.4658354 565.6806954 632.6444743 670.4809449 819.3501353 862.8963478 929.2856257 1043.939105 1099.131524 1179.833051 1276.321653 1512.450976 1601.208735 1787.324001 1889.441061 1969.284418 2302.263852 2473.359832 2879.740717 2982.584728 3318.377528 3855.347355 4000.089381 4134.514032 4381.608014 4958.715797 6882.240588 8021.429505 10664.38313 14162.22046 15019.35131 17795.14877 22324.89524 30980.81418 42461.50793 51142.27201 17019483.85
      sorted:	 0.05913632296 0.06902888700 0.07580641168 0.07820528158 0.07883953881 2.730537379 22.05601826 98.81372586 193.1100967 204.2054200 325.4346838 422.9707127 483.4658354 565.6806954 632.6444743 670.4809449 819.3501353 862.8963478 929.2856257 1043.939105 1099.131524 1179.833051 1276.321653 1512.450976 1601.208735 1787.324001 1889.441061 1969.284418 2302.263852 2473.359832 2879.740717 2982.584728 3318.377528 3855.347355 4000.089381 4134.514032 4381.608014 4958.715797 6882.240588 8021.429505 10664.38313 14162.22046 15019.35131 17795.14877 22324.89524 30980.81418 42461.50793 51142.27201 17019483.85
