    unsorted:	 0.07001658879 0.07915231470 0.06647128456 0.07656114829 1107.915379 1033.657681 1056.540746 1009.219641 1191.814912 849.8357039 880.4781947 661.8321487 53.85668455 105.5211204 125.7038044 228.4116076 494.5595512 1425.950041 1970.562914 2732.808202 2594.055294 2545.361168 2843.920989 2913.749290 3115.800173 3252.762470 3430.937044 4014.260274 4111.790886 4147.569300 4448.057835 4768.537355 4861.104636 5086.292807 5262.699828 5656.000221 6166.194588 6803.419738 7448.117364 8377.587376 8835.460673 11551.16157 11810.26363 14416.75856 16982.91896 24066.48561 30175.89596 40048.57192 47220.29411 50285.17244 140559.3682
      sorted:	 0.06647128456 0.07001658879 0.07656114829 0.07915231470 53.85668455 105.5211204 125.7038044 228.4116076 494.5595512 661.8321487 849.8357039 880.4781947 1009.219641 1033.657681 1056.540746 1107.915379 1191.814912 1425.950041 1970.562914 2545.361168 2594.055294 2732.808202 2843.920989 2913.749290 3115.800173 3252.762470 3430.937044 4014.260274 4111.790886 4147.569300 4448.057835 4768.537355 4861.104636 5086.292807 5262.699828 5656.000221 6166.194588 6803.419738 7448.117364 8377.587376 8835.460673 11551.16157 11810.26363 14416.75856 16982.91896 24066.48561 30175.89596 40048.57192 47220.29411 50285.17244 140559.3682
