    unsorted:	 0.08181331574 0.08451601292 0.07058439866 28.58488180 31.77157810 933.8621411 973.9402326 877.1468985 867.0811755 1075.775636 1084.093092 1150.443360 698.9393496 666.0716499 607.6536284 1259.542315 1296.723598 1343.566806 444.3015416 320.7449401 283.5361493 261.6235555 206.9540145 1503.528339 1703.429932 1727.115742 1805.060782 1892.669734 1952.326854 2097.807427 2332.371079 2935.414278 3183.634348 3780.330426 3998.705314 4094.683581 4297.494843 4950.009586 5825.189615 6192.700872 6994.249976 7359.058488 9358.072342 10389.43147 14456.77409 16178.49576 23320.41567 27805.27653 34750.77490 47124.23482 46455.13277
      sorted:	 0.07058439866 0.08181331574 0.08451601292 28.58488180 31.77157810 206.9540145 261.6235555 283.5361493 320.7449401 444.3015416 607.6536284 666.0716499 698.9393496 867.0811755 877.1468985 933.8621411 973.9402326 1075.775636 1084.093092 1150.443360 1259.542315 1296.723598 1343.566806 1503.528339 1703.429932 1727.115742 1805.060782 1892.669734 1952.326854 2097.807427 2332.371079 2935.414278 3183.634348 3780.330426 3998.705314 4094.683581 4297.494843 4950.009586 5825.189615 6192.700872 6994.249976 7359.058488 9358.072342 10389.43147 14456.77409 16178.49576 23320.41567 27805.27653 34750.77490 46455.13277 47124.23482
