    unsorted:	 0.07817370003 0.07803169647 0.07414670781 0.06865530807 0.04973457146 2.656195326 16.73864887 192.3797500 186.5406626 76.11952116 316.0041172 307.7937836 410.8005203 583.8489149 590.1457767 631.7320270 814.0351646 869.3721892 967.6637097 981.9032300 1090.390703 1199.806863 1412.889708 1616.576254 1687.539930 1757.573000 1823.775372 2038.865552 2150.040949 2262.466782 2728.164715 2949.052702 3615.252329 3840.370611 4118.857977 4194.537293 4628.612300 6352.318062 7588.228517 9149.063166 10371.42770 13317.14686 15671.50644 20074.19307 29812.34758 39421.11407 53381.15804 17407235.79
      sorted:	 0.04973457146 0.06865530807 0.07414670781 0.07803169647 0.07817370003 2.656195326 16.73864887 76.11952116 186.5406626 192.3797500 307.7937836 316.0041172 410.8005203 583.8489149 590.1457767 631.7320270 814.0351646 869.3721892 967.6637097 981.9032300 1090.390703 1199.806863 1412.889708 1616.576254 1687.539930 1757.573000 1823.775372 2038.865552 2150.040949 2262.466782 2728.164715 2949.052702 3615.252329 3840.370611 4118.857977 4194.537293 4628.612300 6352.318062 7588.228517 9149.063166 10371.42770 13317.14686 15671.50644 20074.19307 29812.34758 39421.11407 53381.15804 17407235.79
