    unsorted:	 0.07710321728 0.08257416997 0.2663009984 2.764807719 507.1773968 515.0576730 467.1084595 445.0188139 420.8051107 412.6189080 396.1013729 548.7172753 589.9793678 621.9927721 292.2871257 664.7592420 698.4854152 189.0092031 116.4802224 124.0901786 60.01145938 28.46595436 832.1030170 920.1917087 949.4513505 1106.108580 1223.578236 1440.734024 1776.705343 1983.183824 2698.412132 2834.305020 3118.983772 3247.872878 3837.562524 5289.149182 5522.905676 6844.448098 7257.625788 9820.534443 11578.30978 14719.87500 15805.83250 17318.95057 42827.09453 51149.90197 62067.35129 80491.20647 1247529.691
      sorted:	 0.07710321728 0.08257416997 0.2663009984 2.764807719 28.46595436 60.01145938 116.4802224 124.0901786 189.0092031 292.2871257 396.1013729 412.6189080 420.8051107 445.0188139 467.1084595 507.1773968 515.0576730 548.7172753 589.9793678 621.9927721 664.7592420 698.4854152 832.1030170 920.1917087 949.4513505 1106.108580 1223.578236 1440.734024 1776.705343 1983.183824 2698.412132 2834.305020 3118.983772 3247.872878 3837.562524 5289.149182 5522.905676 6844.448098 7257.625788 9820.534443 11578.30978 14719.87500 15805.83250 17318.95057 42827.09453 51149.90197 62067.35129 80491.20647 1247529.691
