    unsorted:	 0.08063980265 0.08835012479 1.210630812 2.992506610 591.7221814 567.3870062 555.8194775 530.5550005 506.2799994 493.7001172 637.2539407 448.2242002 410.6361133 700.3632918 723.7773030 765.0330529 784.5575544 288.3974066 266.9054089 242.3107254 877.9768002 41.72825663 916.5876425 1069.545353 1101.227965 1245.369142 1362.194962 1484.064382 1691.876459 2014.338323 2041.000073 2146.613077 2167.098189 3098.002236 3651.584596 4039.263200 4427.099844 4806.253088 5889.557855 6210.134854 7011.998451 7322.304878 9301.149315 10454.94908 11620.19255 14134.82247 16139.57636 21751.76190 27019.35759 35872.04131 42289.64819 63863.38794 79822.17596 13365198.80
      sorted:	 0.08063980265 0.08835012479 1.210630812 2.992506610 41.72825663 242.3107254 266.9054089 288.3974066 410.6361133 448.2242002 493.7001172 506.2799994 530.5550005 555.8194775 567.3870062 591.7221814 637.2539407 700.3632918 723.7773030 765.0330529 784.5575544 877.9768002 916.5876425 1069.545353 1101.227965 1245.369142 1362.194962 1484.064382 1691.876459 2014.338323 2041.000073 2146.613077 2167.098189 3098.002236 3651.584596 4039.263200 4427.099844 4806.253088 5889.557855 6210.134854 7011.998451 7322.304878 9301.149315 10454.94908 11620.19255 14134.82247 16139.57636 21751.76190 27019.35759 35872.04131 42289.64819 63863.38794 79822.17596 13365198.80
