    unsorted:	 0.08070925483 0.08823948612 0.03183017889 0.7210957763 3.450368226 526.8503542 522.9183626 502.8962174 491.5125604 559.5180931 585.4560249 610.5649436 638.2545227 447.2937385 696.1112338 768.7253436 751.6300512 784.1128061 352.6500447 292.1784012 243.4263124 906.1721681 947.8164100 39.06847913 1061.318256 1098.104124 1233.642131 1380.414624 1469.334766 1684.414848 1983.472712 2105.897458 2163.164343 2209.050890 3103.924545 3801.304173 4418.723640 4855.851780 5051.734497 5961.540304 6310.801237 7001.927215 7276.468944 9432.070907 10332.10691 12171.27565 13952.15380 15671.49379 21529.59503 26517.37911 35505.34040 40885.39430 63449.77689 79059.03264 91113.25568
      sorted:	 0.03183017889 0.08070925483 0.08823948612 0.7210957763 3.450368226 39.06847913 243.4263124 292.1784012 352.6500447 447.2937385 491.5125604 502.8962174 522.9183626 526.8503542 559.5180931 585.4560249 610.5649436 638.2545227 696.1112338 751.6300512 768.7253436 784.1128061 906.1721681 947.8164100 1061.318256 1098.104124 1233.642131 1380.414624 1469.334766 1684.414848 1983.472712 2105.897458 2163.164343 2209.050890 3103.924545 3801.304173 4418.723640 4855.851780 5051.734497 5961.540304 6310.801237 7001.927215 7276.468944 9432.070907 10332.10691 12171.27565 13952.15380 15671.49379 21529.59503 26517.37911 35505.34040 40885.39430 63449.77689 79059.03264 91113.25568
