    unsorted:	 0.03869093767 0.06634754738 -0.4258592645 0.8876895623 4.979880828 16.79312096 407.5666123 395.5850900 428.2876755 448.2336242 480.2145270 498.8255032 366.0509354 530.8988951 539.6479661 556.7317589 595.1802339 328.8421125 633.5987713 675.6016423 684.7350125 238.7654537 771.5888182 805.3283247 902.8926264 1017.228711 1126.303634 -231.5070185 1254.060715 1300.638099 1397.750738 1629.158996 1722.280777 1908.890839 2103.597186 2897.096355 3506.248850 3623.376726 4938.738829 6191.771577 6207.909359 6049.406632 6453.032507 7240.747801 8072.974284 9489.166286 10237.77782 13714.19010 14596.88514 16809.70294 27445.83261 40861.85632 56002.39024 69923.00449 15219863.54
      sorted:	 -231.5070185 -0.4258592645 0.03869093767 0.06634754738 0.8876895623 4.979880828 16.79312096 238.7654537 328.8421125 366.0509354 395.5850900 407.5666123 428.2876755 448.2336242 480.2145270 498.8255032 530.8988951 539.6479661 556.7317589 595.1802339 633.5987713 675.6016423 684.7350125 771.5888182 805.3283247 902.8926264 1017.228711 1126.303634 1254.060715 1300.638099 1397.750738 1629.158996 1722.280777 1908.890839 2103.597186 2897.096355 3506.248850 3623.376726 4938.738829 6049.406632 6191.771577 6207.909359 6453.032507 7240.747801 8072.974284 9489.166286 10237.77782 13714.19010 14596.88514 16809.70294 27445.83261 40861.85632 56002.39024 69923.00449 15219863.54
