    unsorted:	 0.07851289549 0.07671770269 0.07073909967 0.05651366094 40.07849218 110.3872424 110.8786424 955.3758744 982.1779911 975.9431548 1040.555068 374.7428313 350.4882119 532.3250449 1251.190576 1382.594075 1404.224816 1704.227608 2487.572591 2643.587050 2914.501802 3502.956994 3379.372742 3717.120310 4105.110818 4020.205945 4400.689539 4941.132598 5326.104283 5740.805535 5848.575333 5944.910461 6090.353119 6510.410431 6883.578727 7349.623914 7485.178155 8042.915907 9231.908584 11037.34396 11182.13977 12260.49574 14958.67793 17128.91851 21708.61403 30834.69987 36472.11696 47241.14499 45469.01220 74462.51770 646304.7079
      sorted:	 0.05651366094 0.07073909967 0.07671770269 0.07851289549 40.07849218 110.3872424 110.8786424 350.4882119 374.7428313 532.3250449 955.3758744 975.9431548 982.1779911 1040.555068 1251.190576 1382.594075 1404.224816 1704.227608 2487.572591 2643.587050 2914.501802 3379.372742 3502.956994 3717.120310 4020.205945 4105.110818 4400.689539 4941.132598 5326.104283 5740.805535 5848.575333 5944.910461 6090.353119 6510.410431 6883.578727 7349.623914 7485.178155 8042.915907 9231.908584 11037.34396 11182.13977 12260.49574 14958.67793 17128.91851 21708.61403 30834.69987 36472.11696 45469.01220 47241.14499 74462.51770 646304.7079
