    unsorted:	 0.08530402835 0.08731553066 0.08009097270 613.3406515 618.6630936 589.0674373 572.3659108 659.1704933 679.4430429 535.0654679 523.5458786 510.2675934 741.0536844 774.3721743 790.3122739 941.0819746 951.7907703 213.5794500 235.1588999 3.334403073 277.8888546 34.14953248 62.83223074 1075.153185 1182.379639 1359.258667 1513.892895 1576.773609 1721.527841 2032.112437 2095.577897 2215.927826 3099.893536 3248.680968 4201.000671 4314.398630 5257.334340 5743.377309 6084.673848 6566.198084 7289.374476 7769.262358 10793.57040 15212.77146 17495.31029 20838.08459 25542.30625 29109.99386 47140.30665 66064.86802 87641.44081
      sorted:	 0.08009097270 0.08530402835 0.08731553066 3.334403073 34.14953248 62.83223074 213.5794500 235.1588999 277.8888546 510.2675934 523.5458786 535.0654679 572.3659108 589.0674373 613.3406515 618.6630936 659.1704933 679.4430429 741.0536844 774.3721743 790.3122739 941.0819746 951.7907703 1075.153185 1182.379639 1359.258667 1513.892895 1576.773609 1721.527841 2032.112437 2095.577897 2215.927826 3099.893536 3248.680968 4201.000671 4314.398630 5257.334340 5743.377309 6084.673848 6566.198084 7289.374476 7769.262358 10793.57040 15212.77146 17495.31029 20838.08459 25542.30625 29109.99386 47140.30665 66064.86802 87641.44081
