    unsorted:	 0.08040109266 0.06973516117 0.08833806762 502.1769956 513.7856601 529.4654989 473.5135504 564.9182831 605.4403367 629.1788241 677.2910264 716.4057996 426.0140420 771.2126048 829.6248543 845.1929216 936.6277504 961.3868446 996.7721163 1030.610922 291.7537650 240.7938175 11.24116106 101.5700204 60.60190699 1123.541269 1224.638732 1431.069696 1519.444409 1742.414804 1980.957079 2281.569071 2616.647779 2921.930424 3294.420534 4094.715538 5117.462900 5771.536656 6064.264130 6917.844893 7912.490211 9329.653119 9543.238590 15026.14004 19132.33140 20457.60775 24445.07815 47123.36619 59663.73121 76570.01182 11997306.44
      sorted:	 0.06973516117 0.08040109266 0.08833806762 11.24116106 60.60190699 101.5700204 240.7938175 291.7537650 426.0140420 473.5135504 502.1769956 513.7856601 529.4654989 564.9182831 605.4403367 629.1788241 677.2910264 716.4057996 771.2126048 829.6248543 845.1929216 936.6277504 961.3868446 996.7721163 1030.610922 1123.541269 1224.638732 1431.069696 1519.444409 1742.414804 1980.957079 2281.569071 2616.647779 2921.930424 3294.420534 4094.715538 5117.462900 5771.536656 6064.264130 6917.844893 7912.490211 9329.653119 9543.238590 15026.14004 19132.33140 20457.60775 24445.07815 47123.36619 59663.73121 76570.01182 11997306.44
