    unsorted:	 0.07922642365 0.07505795021 0.07066943331 0.1327045845 0.8924854376 36.75778690 108.9708618 303.0658292 350.4217753 508.7651728 967.1556133 1052.210128 1195.159266 1389.544305 1273.423362 1511.783844 2126.001526 2359.230805 2831.468800 3226.998300 3524.578799 3472.452219 3728.312587 4861.320864 4984.872790 5027.630950 5211.227112 4628.366263 5295.659563 5642.932777 5850.111296 6153.318526 6871.233702 7079.270935 7640.443663 8241.853973 8569.930357 9186.424781 10138.34649 10759.20256 10957.88287 12340.59045 13598.35264 15822.69965 16280.98874 19351.30741 22927.44037 27090.96488 31817.43427 40504.85184 42406.23909 48958.91890 96197.09092 296311.2885
      sorted:	 0.07066943331 0.07505795021 0.07922642365 0.1327045845 0.8924854376 36.75778690 108.9708618 303.0658292 350.4217753 508.7651728 967.1556133 1052.210128 1195.159266 1273.423362 1389.544305 1511.783844 2126.001526 2359.230805 2831.468800 3226.998300 3472.452219 3524.578799 3728.312587 4628.366263 4861.320864 4984.872790 5027.630950 5211.227112 5295.659563 5642.932777 5850.111296 6153.318526 6871.233702 7079.270935 7640.443663 8241.853973 8569.930357 9186.424781 10138.34649 10759.20256 10957.88287 12340.59045 13598.35264 15822.69965 16280.98874 19351.30741 22927.44037 27090.96488 31817.43427 40504.85184 42406.23909 48958.91890 96197.09092 296311.2885
