    unsorted:	 0.07921896325 0.07592308930 0.07072214248 0.06283148232 8.967023267 36.76025106 108.5725608 300.3011819 357.3152997 509.0725440 966.3722923 1058.765350 1345.400937 1183.449932 1325.714555 1475.082143 2116.230069 2322.898654 2845.544410 3199.205782 3386.075216 3472.264733 3693.606736 4105.312811 4848.615036 4710.109592 5024.706746 5209.743174 5280.618652 5584.631527 5850.264494 6171.228904 6884.814296 6677.395197 7151.435341 7693.419235 8259.927271 9122.632602 9869.791475 10390.66096 10835.16404 11006.30392 12572.27157 14222.00235 15814.65137 16825.89847 19704.85443 24333.44688 27524.60108 32247.22690 40988.48961 42754.10658 48961.56602 99399.07350 299403.6503
      sorted:	 0.06283148232 0.07072214248 0.07592308930 0.07921896325 8.967023267 36.76025106 108.5725608 300.3011819 357.3152997 509.0725440 966.3722923 1058.765350 1183.449932 1325.714555 1345.400937 1475.082143 2116.230069 2322.898654 2845.544410 3199.205782 3386.075216 3472.264733 3693.606736 4105.312811 4710.109592 4848.615036 5024.706746 5209.743174 5280.618652 5584.631527 5850.264494 6171.228904 6677.395197 6884.814296 7151.435341 7693.419235 8259.927271 9122.632602 9869.791475 10390.66096 10835.16404 11006.30392 12572.27157 14222.00235 15814.65137 16825.89847 19704.85443 24333.44688 27524.60108 32247.22690 40988.48961 42754.10658 48961.56602 99399.07350 299403.6503
