    unsorted:	 0.07921298182 0.07527160308 0.07072308173 0.2381861182 2.330026742 36.70561711 108.5875519 299.7251678 357.2507274 508.6600949 967.5324225 1057.139789 1182.626113 1340.715761 1293.903780 1469.726776 2106.485738 2320.129065 2846.957962 3197.559069 3368.932142 3462.299741 3691.380510 4072.760281 4823.786364 4664.732330 4994.066795 5176.106674 5237.651284 5513.381428 5810.299195 6116.431612 6841.220570 6527.253070 7078.340448 7681.549348 8213.673924 8914.917909 9651.028304 10196.05724 10780.12671 10952.31274 12442.27208 13884.79497 15787.12971 16485.76801 19462.07860 23472.04664 27190.71230 31870.50172 40952.64737 41070.52421 48913.96937 96380.50208 291383.0403
      sorted:	 0.07072308173 0.07527160308 0.07921298182 0.2381861182 2.330026742 36.70561711 108.5875519 299.7251678 357.2507274 508.6600949 967.5324225 1057.139789 1182.626113 1293.903780 1340.715761 1469.726776 2106.485738 2320.129065 2846.957962 3197.559069 3368.932142 3462.299741 3691.380510 4072.760281 4664.732330 4823.786364 4994.066795 5176.106674 5237.651284 5513.381428 5810.299195 6116.431612 6527.253070 6841.220570 7078.340448 7681.549348 8213.673924 8914.917909 9651.028304 10196.05724 10780.12671 10952.31274 12442.27208 13884.79497 15787.12971 16485.76801 19462.07860 23472.04664 27190.71230 31870.50172 40952.64737 41070.52421 48913.96937 96380.50208 291383.0403
