    unsorted:	 0.07921326387 0.07527163942 0.07072197973 0.2381811985 2.330043942 36.70563085 108.5875393 299.7251501 357.2506811 508.6601687 967.5324404 1057.139797 1182.626091 1340.715792 1293.903854 1469.726751 2106.485823 2320.129015 2846.957903 3197.559087 3368.932169 3462.299829 3691.380532 4072.760309 4823.786447 4664.732500 4994.066888 5176.106799 5237.651411 5513.381626 5810.299333 6116.431650 6841.220724 6527.253101 7078.340560 7681.549383 8213.674109 8914.918127 9651.028481 10196.05746 10780.12693 10952.31287 12442.27233 13884.79513 15787.13030 16485.76824 19462.07911 23472.04730 27190.71264 31870.50198 40952.64767 41070.52485 48913.96972 96380.50558 291383.0708
      sorted:	 0.07072197973 0.07527163942 0.07921326387 0.2381811985 2.330043942 36.70563085 108.5875393 299.7251501 357.2506811 508.6601687 967.5324404 1057.139797 1182.626091 1293.903854 1340.715792 1469.726751 2106.485823 2320.129015 2846.957903 3197.559087 3368.932169 3462.299829 3691.380532 4072.760309 4664.732500 4823.786447 4994.066888 5176.106799 5237.651411 5513.381626 5810.299333 6116.431650 6527.253101 6841.220724 7078.340560 7681.549383 8213.674109 8914.918127 9651.028481 10196.05746 10780.12693 10952.31287 12442.27233 13884.79513 15787.13030 16485.76824 19462.07911 23472.04730 27190.71264 31870.50198 40952.64767 41070.52485 48913.96972 96380.50558 291383.0708
