    unsorted:	 0.07699524628 0.08311078083 1.522972487 4.315960539 426.7215721 421.1547056 442.9815632 456.2425041 399.2902145 493.5403644 509.7366360 536.9836549 335.4069860 560.9879073 598.5032033 627.5414364 197.7391464 92.91143509 104.9613219 39.61778815 174.5001348 688.1239056 739.7087178 880.7496877 978.5296832 1213.708298 1300.841729 1581.862218 2301.496403 2516.732483 2771.471479 3168.054417 3536.822895 4005.769275 4506.549638 5683.928423 5664.762611 6988.092991 7464.732967 9149.185890 12186.72588 14851.19568 16704.11798 21366.10212 53214.96428 58953.33144 72057.27040 8883043.049
      sorted:	 0.07699524628 0.08311078083 1.522972487 4.315960539 39.61778815 92.91143509 104.9613219 174.5001348 197.7391464 335.4069860 399.2902145 421.1547056 426.7215721 442.9815632 456.2425041 493.5403644 509.7366360 536.9836549 560.9879073 598.5032033 627.5414364 688.1239056 739.7087178 880.7496877 978.5296832 1213.708298 1300.841729 1581.862218 2301.496403 2516.732483 2771.471479 3168.054417 3536.822895 4005.769275 4506.549638 5664.762611 5683.928423 6988.092991 7464.732967 9149.185890 12186.72588 14851.19568 16704.11798 21366.10212 53214.96428 58953.33144 72057.27040 8883043.049
