    unsorted:	 0.06921512646 0.06892684910 0.06679889815 0.07815378129 23.26125515 148.3723480 150.5633464 91.21874660 441.3744029 421.7159382 502.7116061 472.9077111 826.5286279 706.9694258 1006.016378 1032.904774 1088.772273 1168.358117 1223.747077 1326.940968 1898.789339 2608.883949 2591.860144 2448.330489 2739.543465 2954.913239 3072.822202 3258.972019 3546.062230 3900.175951 3942.903788 4261.375098 4552.854528 4887.109474 5067.654115 5259.017218 5975.503957 6512.725875 7543.571825 8347.873768 10421.35253 10934.19009 12150.20616 15421.81859 21798.76456 26936.88109 33958.00209 43927.35469 49106.12847 69096.21949
      sorted:	 0.06679889815 0.06892684910 0.06921512646 0.07815378129 23.26125515 91.21874660 148.3723480 150.5633464 421.7159382 441.3744029 472.9077111 502.7116061 706.9694258 826.5286279 1006.016378 1032.904774 1088.772273 1168.358117 1223.747077 1326.940968 1898.789339 2448.330489 2591.860144 2608.883949 2739.543465 2954.913239 3072.822202 3258.972019 3546.062230 3900.175951 3942.903788 4261.375098 4552.854528 4887.109474 5067.654115 5259.017218 5975.503957 6512.725875 7543.571825 8347.873768 10421.35253 10934.19009 12150.20616 15421.81859 21798.76456 26936.88109 33958.00209 43927.35469 49106.12847 69096.21949
