    unsorted:	 0.06871811397 0.06870940559 0.07664809563 7.334816720 6.634333918 33.33686709 122.7420141 117.6674476 174.9483672 227.1209214 244.2094761 427.2867395 559.6374589 934.8224846 1003.022671 1043.960213 1197.869356 1335.911710 1529.436081 1463.300708 2367.874315 2331.471455 2769.575160 3603.780870 3773.536874 4123.031614 4315.528890 4809.465605 5024.310671 5596.376899 5919.137610 6308.608621 6612.627281 6900.446911 7395.994878 7822.727354 8714.811186 9726.876864 10684.62221 11160.72432 12182.43390 16338.58395 21420.61298 28315.39312 33367.68691 44281.41775 51233.66918 50929.98926 158186.7180
      sorted:	 0.06870940559 0.06871811397 0.07664809563 6.634333918 7.334816720 33.33686709 117.6674476 122.7420141 174.9483672 227.1209214 244.2094761 427.2867395 559.6374589 934.8224846 1003.022671 1043.960213 1197.869356 1335.911710 1463.300708 1529.436081 2331.471455 2367.874315 2769.575160 3603.780870 3773.536874 4123.031614 4315.528890 4809.465605 5024.310671 5596.376899 5919.137610 6308.608621 6612.627281 6900.446911 7395.994878 7822.727354 8714.811186 9726.876864 10684.62221 11160.72432 12182.43390 16338.58395 21420.61298 28315.39312 33367.68691 44281.41775 50929.98926 51233.66918 158186.7180
