    unsorted:	 0.08135672330 0.08353202451 0.06944960822 30.68355607 24.43259894 71.86489620 145.8442825 1304.814931 1286.695200 1348.889213 1496.489558 1468.758833 977.1287499 940.0306487 886.6941516 1148.011601 787.4194551 1612.347555 538.1621568 474.0784766 310.4624813 272.4521283 1790.113700 1956.236998 2018.462138 2201.141171 2252.126598 2495.488359 2851.067734 3222.043038 3347.343502 3542.823655 3849.869730 4099.530098 4254.118172 4858.357064 5498.216642 5950.880116 6326.884585 7053.838125 7513.731404 7795.905363 8470.156267 11076.76940 12619.81879 14315.20177 16095.27934 19891.86713 22694.30240 30235.44593 36334.56204 42319.63892 43338.45617 70359.37180
      sorted:	 0.06944960822 0.08135672330 0.08353202451 24.43259894 30.68355607 71.86489620 145.8442825 272.4521283 310.4624813 474.0784766 538.1621568 787.4194551 886.6941516 940.0306487 977.1287499 1148.011601 1286.695200 1304.814931 1348.889213 1468.758833 1496.489558 1612.347555 1790.113700 1956.236998 2018.462138 2201.141171 2252.126598 2495.488359 2851.067734 3222.043038 3347.343502 3542.823655 3849.869730 4099.530098 4254.118172 4858.357064 5498.216642 5950.880116 6326.884585 7053.838125 7513.731404 7795.905363 8470.156267 11076.76940 12619.81879 14315.20177 16095.27934 19891.86713 22694.30240 30235.44593 36334.56204 42319.63892 43338.45617 70359.37180
