    unsorted:	 0.08141796746 0.08349699892 0.06944266200 30.75335209 24.10935662 75.64801794 146.6203954 308.5131403 273.3442552 475.2624825 537.1274224 794.2491493 864.2715508 917.6176288 952.0451667 1227.668521 1295.868212 1317.127008 1155.437166 1404.178763 1483.496720 1597.876942 1818.111212 1796.100369 1950.277449 2018.602331 2193.362576 2339.716786 2490.353676 2855.465809 3373.787636 3274.479138 3706.323329 3943.400389 4105.525336 4293.568803 4892.707583 5541.712533 6405.504044 6242.886358 7122.358497 7609.004800 7851.618785 8517.012856 11148.51742 12791.83257 14384.47785 16491.63356 20042.18474 22861.45434 30472.32678 36538.65008 40919.12336 43925.60379 71860.98988
      sorted:	 0.06944266200 0.08141796746 0.08349699892 24.10935662 30.75335209 75.64801794 146.6203954 273.3442552 308.5131403 475.2624825 537.1274224 794.2491493 864.2715508 917.6176288 952.0451667 1155.437166 1227.668521 1295.868212 1317.127008 1404.178763 1483.496720 1597.876942 1796.100369 1818.111212 1950.277449 2018.602331 2193.362576 2339.716786 2490.353676 2855.465809 3274.479138 3373.787636 3706.323329 3943.400389 4105.525336 4293.568803 4892.707583 5541.712533 6242.886358 6405.504044 7122.358497 7609.004800 7851.618785 8517.012856 11148.51742 12791.83257 14384.47785 16491.63356 20042.18474 22861.45434 30472.32678 36538.65008 40919.12336 43925.60379 71860.98988
