    unsorted:	 0.08141613271 0.08349886247 0.06944689075 30.75336389 24.10909083 75.64735992 146.6207683 308.5131353 273.3420841 475.2623536 537.1275466 794.2490348 864.2714758 917.6175403 952.0451257 1227.668477 1295.868984 1317.126881 1155.434315 1404.178619 1483.496435 1597.876921 1818.111098 1796.100456 1950.277416 2018.602072 2193.362436 2339.716561 2490.353510 2855.465647 3373.787412 3274.478864 3706.323119 3943.400119 4105.525644 4293.568509 4892.707781 5541.712177 6405.503938 6242.885824 7122.357970 7609.004253 7851.618441 8517.012193 11148.51638 12791.83149 14384.47689 16491.63101 20042.18223 22861.45206 30472.32533 36538.64746 40919.12336 43925.59280 71860.96376
      sorted:	 0.06944689075 0.08141613271 0.08349886247 24.10909083 30.75336389 75.64735992 146.6207683 273.3420841 308.5131353 475.2623536 537.1275466 794.2490348 864.2714758 917.6175403 952.0451257 1155.434315 1227.668477 1295.868984 1317.126881 1404.178619 1483.496435 1597.876921 1796.100456 1818.111098 1950.277416 2018.602072 2193.362436 2339.716561 2490.353510 2855.465647 3274.478864 3373.787412 3706.323119 3943.400119 4105.525644 4293.568509 4892.707781 5541.712177 6242.885824 6405.503938 7122.357970 7609.004253 7851.618441 8517.012193 11148.51638 12791.83149 14384.47689 16491.63101 20042.18223 22861.45206 30472.32533 36538.64746 40919.12336 43925.59280 71860.96376
