    unsorted:	 0.08143337849 0.08327766887 0.06944978736 30.78189632 23.00328917 61.98649780 146.8009939 243.0317174 307.6734259 475.3783106 535.1638964 787.3779752 867.2480987 920.9252906 955.3232004 1240.945142 1297.052296 1321.318648 1125.796857 1414.217580 1492.362663 1601.468691 1801.979954 1927.540833 1962.771043 2040.923644 2205.388111 2395.227264 2501.321362 2870.987776 3287.027792 3399.936296 3793.042979 4120.093082 4045.797614 4340.196927 4903.004579 5568.564759 6344.192437 6729.701050 7256.200727 7904.195020 7939.034487 8553.942831 11195.40774 13212.51036 14504.87688 17468.85222 20215.38828 22942.83529 30895.80279 36599.88650 40919.85288 44145.74831 72208.57193
      sorted:	 0.06944978736 0.08143337849 0.08327766887 23.00328917 30.78189632 61.98649780 146.8009939 243.0317174 307.6734259 475.3783106 535.1638964 787.3779752 867.2480987 920.9252906 955.3232004 1125.796857 1240.945142 1297.052296 1321.318648 1414.217580 1492.362663 1601.468691 1801.979954 1927.540833 1962.771043 2040.923644 2205.388111 2395.227264 2501.321362 2870.987776 3287.027792 3399.936296 3793.042979 4045.797614 4120.093082 4340.196927 4903.004579 5568.564759 6344.192437 6729.701050 7256.200727 7904.195020 7939.034487 8553.942831 11195.40774 13212.51036 14504.87688 17468.85222 20215.38828 22942.83529 30895.80279 36599.88650 40919.85288 44145.74831 72208.57193
