    unsorted:	 0.03326859947 0.004847464429 0.07933469433 0.08482941126 5.075885989 540.8073782 562.2155005 523.8015104 607.6278819 650.2529856 684.8441617 693.6965811 777.4514602 785.3986775 838.7974569 849.7172437 431.7890522 365.5315969 193.7364277 224.0618782 115.1730890 1006.160426 1082.744082 1166.979217 1239.979621 1322.744093 1521.499439 1750.972289 1854.759711 2155.944036 2208.785283 2915.725513 3205.494201 3633.452842 4248.003015 4552.326265 5521.524266 5585.204588 6370.391890 6571.208539 8057.230011 12024.08305 18265.99360 19084.64580 21643.56955 27386.42414 47155.98772 55931.82922 72731.54489 155721.4185 175666.1597
      sorted:	 0.004847464429 0.03326859947 0.07933469433 0.08482941126 5.075885989 115.1730890 193.7364277 224.0618782 365.5315969 431.7890522 523.8015104 540.8073782 562.2155005 607.6278819 650.2529856 684.8441617 693.6965811 777.4514602 785.3986775 838.7974569 849.7172437 1006.160426 1082.744082 1166.979217 1239.979621 1322.744093 1521.499439 1750.972289 1854.759711 2155.944036 2208.785283 2915.725513 3205.494201 3633.452842 4248.003015 4552.326265 5521.524266 5585.204588 6370.391890 6571.208539 8057.230011 12024.08305 18265.99360 19084.64580 21643.56955 27386.42414 47155.98772 55931.82922 72731.54489 155721.4185 175666.1597
