    unsorted:	 0.08039914249 0.08044007562 0.06822070006 2.929945044 22.01845355 209.3130093 226.0996608 243.7441641 173.0017044 71.10769384 447.0549700 469.0763338 534.8042551 757.6482572 724.7260334 835.3066477 884.6472423 956.1571572 1115.408499 1219.298013 1223.452326 1280.520220 1388.206564 1483.537506 1551.229777 1674.462753 1866.290348 2118.878146 2212.584770 2340.978059 2492.205746 2767.008997 3363.926211 3735.047725 4030.483185 4083.723004 4589.594744 4790.825372 5461.885366 5665.964358 7706.957505 8785.512366 10771.73313 14831.75870 20127.85395 21921.79625 28920.96621 33599.52095 49043.56397 60965.93173
      sorted:	 0.06822070006 0.08039914249 0.08044007562 2.929945044 22.01845355 71.10769384 173.0017044 209.3130093 226.0996608 243.7441641 447.0549700 469.0763338 534.8042551 724.7260334 757.6482572 835.3066477 884.6472423 956.1571572 1115.408499 1219.298013 1223.452326 1280.520220 1388.206564 1483.537506 1551.229777 1674.462753 1866.290348 2118.878146 2212.584770 2340.978059 2492.205746 2767.008997 3363.926211 3735.047725 4030.483185 4083.723004 4589.594744 4790.825372 5461.885366 5665.964358 7706.957505 8785.512366 10771.73313 14831.75870 20127.85395 21921.79625 28920.96621 33599.52095 49043.56397 60965.93173
