    unsorted:	 0.07920094918 0.07837374833 0.06944559860 0.06112780805 2.314636790 24.13465667 188.4354438 168.8439863 264.5228734 102.4843561 364.1628328 411.8553322 618.7300974 620.6131852 580.2655713 516.8667380 818.4707737 784.4903742 835.4865817 914.8073753 963.6817405 1014.696901 1102.915597 1274.467191 1499.133139 1566.563003 1596.154283 1637.927768 1847.654776 1977.579312 2144.904193 2502.915623 2872.655760 2903.177483 3201.466044 3610.211005 4179.094740 4322.218124 4549.802902 5791.595652 6216.023819 9549.828663 10812.45884 11323.51361 14727.63356 17750.18807 28224.78965 37113.47077 51139.76304
      sorted:	 0.06112780805 0.06944559860 0.07837374833 0.07920094918 2.314636790 24.13465667 102.4843561 168.8439863 188.4354438 264.5228734 364.1628328 411.8553322 516.8667380 580.2655713 618.7300974 620.6131852 784.4903742 818.4707737 835.4865817 914.8073753 963.6817405 1014.696901 1102.915597 1274.467191 1499.133139 1566.563003 1596.154283 1637.927768 1847.654776 1977.579312 2144.904193 2502.915623 2872.655760 2903.177483 3201.466044 3610.211005 4179.094740 4322.218124 4549.802902 5791.595652 6216.023819 9549.828663 10812.45884 11323.51361 14727.63356 17750.18807 28224.78965 37113.47077 51139.76304
