    unsorted:	 0.07667199987 0.08270186283 2.235467242 1.694409814 439.9497166 445.5942011 458.2690223 474.3718179 420.1452384 402.2451424 516.2554005 539.2499291 314.5051224 300.8592909 572.2887172 630.5015643 178.9496426 672.7905117 156.2547769 59.34451335 81.43502781 763.2717343 798.8600500 955.1400262 1090.974599 1359.653706 1483.391149 1794.777049 2568.464479 2708.420257 2817.166814 3238.309441 3588.175666 3774.044583 4865.175609 5567.120158 5660.952143 7071.386306 7693.177257 10175.11791 11825.68642 16723.46533 17417.91762 53229.30256 59528.62015 72332.07524 9612108.233 73580801.71
      sorted:	 0.07667199987 0.08270186283 1.694409814 2.235467242 59.34451335 81.43502781 156.2547769 178.9496426 300.8592909 314.5051224 402.2451424 420.1452384 439.9497166 445.5942011 458.2690223 474.3718179 516.2554005 539.2499291 572.2887172 630.5015643 672.7905117 763.2717343 798.8600500 955.1400262 1090.974599 1359.653706 1483.391149 1794.777049 2568.464479 2708.420257 2817.166814 3238.309441 3588.175666 3774.044583 4865.175609 5567.120158 5660.952143 7071.386306 7693.177257 10175.11791 11825.68642 16723.46533 17417.91762 53229.30256 59528.62015 72332.07524 9612108.233 73580801.71
