    unsorted:	 0.08121443868 0.08430962630 0.06970972722 31.30804323 31.60532628 146.2408633 221.7478204 315.1809476 322.8766282 478.6584532 546.8475783 724.7991880 779.6769868 831.1340353 912.8953325 988.3582191 1086.590980 1131.701813 1224.438186 1308.241819 1437.009067 1476.893355 1539.283053 1565.304136 1767.418222 1879.612985 2138.481659 2256.916495 2354.449197 2627.012116 2853.380079 3432.884116 3722.186889 4053.949667 4423.701330 4788.135132 4961.850771 5821.143975 6668.856806 6921.787493 7529.236982 8660.227458 9865.659803 11587.40472 16060.96663 20408.15752 24450.39045 28047.96200 36240.38198 47147.95561 61534.15482
      sorted:	 0.06970972722 0.08121443868 0.08430962630 31.30804323 31.60532628 146.2408633 221.7478204 315.1809476 322.8766282 478.6584532 546.8475783 724.7991880 779.6769868 831.1340353 912.8953325 988.3582191 1086.590980 1131.701813 1224.438186 1308.241819 1437.009067 1476.893355 1539.283053 1565.304136 1767.418222 1879.612985 2138.481659 2256.916495 2354.449197 2627.012116 2853.380079 3432.884116 3722.186889 4053.949667 4423.701330 4788.135132 4961.850771 5821.143975 6668.856806 6921.787493 7529.236982 8660.227458 9865.659803 11587.40472 16060.96663 20408.15752 24450.39045 28047.96200 36240.38198 47147.95561 61534.15482
