    unsorted:	 0.06615365145 0.06572642784 0.07294255282 0.08070679967 0.08333033827 36.76929163 53.99686148 148.0950476 310.8973629 336.7135860 718.7576798 604.8171321 857.8733129 1007.305667 1043.565728 1192.908895 1294.521231 1402.741658 1720.256047 2319.449144 3105.874937 3024.305126 3224.046114 2833.341737 3409.172509 3568.790543 3678.099483 3802.147502 4860.789251 4830.612229 4700.735826 5207.941155 5612.367565 5707.466800 6010.202454 6229.931118 6637.074223 6723.965243 7200.450969 7621.846399 8342.900849 9273.319843 10122.04030 12641.97574 16978.41086 23855.22512 27541.21142 30836.47950 47229.96714 51712.65113 225552.0161
      sorted:	 0.06572642784 0.06615365145 0.07294255282 0.08070679967 0.08333033827 36.76929163 53.99686148 148.0950476 310.8973629 336.7135860 604.8171321 718.7576798 857.8733129 1007.305667 1043.565728 1192.908895 1294.521231 1402.741658 1720.256047 2319.449144 2833.341737 3024.305126 3105.874937 3224.046114 3409.172509 3568.790543 3678.099483 3802.147502 4700.735826 4830.612229 4860.789251 5207.941155 5612.367565 5707.466800 6010.202454 6229.931118 6637.074223 6723.965243 7200.450969 7621.846399 8342.900849 9273.319843 10122.04030 12641.97574 16978.41086 23855.22512 27541.21142 30836.47950 47229.96714 51712.65113 225552.0161
