    unsorted:	 0.07017176884 0.07743394112 0.07594730228 0.4556796287 44.03832207 69.66982658 96.64814468 306.9994601 416.8434783 564.3678487 929.9412953 941.7814056 967.1754804 1187.595974 1612.763520 1586.270487 1889.976453 1910.925771 2616.176724 2986.584506 3279.276259 4503.245157 4314.645734 4906.331522 5016.608487 5135.256954 5287.490856 5944.206531 6170.923070 6846.778279 7151.354929 7498.279987 7749.004548 8518.102686 8901.230267 9282.648749 9563.767518 10996.17768 11922.30849 12425.26717 13802.66164 16038.90746 17703.17668 20694.78417 29769.53275 32519.90214 47269.43605 46746.21023 49681.31729 101399.6229 955430.0890
      sorted:	 0.07017176884 0.07594730228 0.07743394112 0.4556796287 44.03832207 69.66982658 96.64814468 306.9994601 416.8434783 564.3678487 929.9412953 941.7814056 967.1754804 1187.595974 1586.270487 1612.763520 1889.976453 1910.925771 2616.176724 2986.584506 3279.276259 4314.645734 4503.245157 4906.331522 5016.608487 5135.256954 5287.490856 5944.206531 6170.923070 6846.778279 7151.354929 7498.279987 7749.004548 8518.102686 8901.230267 9282.648749 9563.767518 10996.17768 11922.30849 12425.26717 13802.66164 16038.90746 17703.17668 20694.78417 29769.53275 32519.90214 46746.21023 47269.43605 49681.31729 101399.6229 955430.0890
