    unsorted:	 0.07998979760 0.08768503377 0.4771002912 4.902332421 512.7733626 503.3722537 527.1436354 567.5631331 610.1648802 651.2962365 678.7644783 743.6501383 794.3880394 432.1789758 842.6864739 884.4129895 206.3639851 218.9767508 141.1655978 64.44922201 948.3349245 976.4894852 1078.115323 1137.571853 1222.347392 1420.749805 1653.977314 1806.859574 1901.364509 2168.316205 2140.238139 2434.848523 3286.203371 3479.374161 4534.076226 5035.516618 5867.950479 6492.665405 7052.981157 7976.773803 9576.903389 11475.54427 15709.27462 17785.97662 19717.93382 25571.13175 30486.27517 47141.69863 66892.44887 89811.89590 2431831.895
      sorted:	 0.07998979760 0.08768503377 0.4771002912 4.902332421 64.44922201 141.1655978 206.3639851 218.9767508 432.1789758 503.3722537 512.7733626 527.1436354 567.5631331 610.1648802 651.2962365 678.7644783 743.6501383 794.3880394 842.6864739 884.4129895 948.3349245 976.4894852 1078.115323 1137.571853 1222.347392 1420.749805 1653.977314 1806.859574 1901.364509 2140.238139 2168.316205 2434.848523 3286.203371 3479.374161 4534.076226 5035.516618 5867.950479 6492.665405 7052.981157 7976.773803 9576.903389 11475.54427 15709.27462 17785.97662 19717.93382 25571.13175 30486.27517 47141.69863 66892.44887 89811.89590 2431831.895
