    unsorted:	 0.08184324794 0.08411135499 0.06925334606 922.7169683 886.4274986 879.3220491 997.1493082 824.9696804 712.7917434 679.4979209 603.3915396 614.5714712 1098.011215 1177.313127 1318.335865 1285.190086 1342.291005 36.11318642 39.33376223 308.7556540 279.4291306 192.1218768 116.7692142 1521.092247 1666.225474 1736.104995 1837.602171 1893.609327 1964.722197 2175.826959 2366.512461 2964.298738 3240.760220 3705.982966 3895.661411 4095.381937 4256.924287 4807.901778 5566.012042 5892.465134 6083.149554 7002.065063 9115.790744 10379.09328 14093.07677 16318.49668 22743.30600 27232.57125 34423.98897 47132.70923 46602.99712
      sorted:	 0.06925334606 0.08184324794 0.08411135499 36.11318642 39.33376223 116.7692142 192.1218768 279.4291306 308.7556540 603.3915396 614.5714712 679.4979209 712.7917434 824.9696804 879.3220491 886.4274986 922.7169683 997.1493082 1098.011215 1177.313127 1285.190086 1318.335865 1342.291005 1521.092247 1666.225474 1736.104995 1837.602171 1893.609327 1964.722197 2175.826959 2366.512461 2964.298738 3240.760220 3705.982966 3895.661411 4095.381937 4256.924287 4807.901778 5566.012042 5892.465134 6083.149554 7002.065063 9115.790744 10379.09328 14093.07677 16318.49668 22743.30600 27232.57125 34423.98897 46602.99712 47132.70923
