    unsorted:	 0.08001354739 0.08773274973 0.06809919891 0.2099122430 5.014273696 512.1017546 523.1482563 501.0692363 564.4014473 606.3410682 646.2129146 669.1978351 738.8154197 789.6974680 428.5959794 834.7901495 871.8056368 942.5493028 973.7159858 208.3110321 222.9750413 62.61311345 1067.360148 1128.012951 1211.005531 1404.531788 1636.210660 1787.495267 1899.254082 2142.192953 2151.770193 2467.660760 3320.802835 3528.842430 4484.350470 5052.640608 5877.910544 6420.758276 7038.992350 7901.534475 9548.544357 11263.47675 15083.33282 17320.57915 18548.42380 25165.44962 29006.64710 47140.40320 66472.45914 88621.76695 144039.1819
      sorted:	 0.06809919891 0.08001354739 0.08773274973 0.2099122430 5.014273696 62.61311345 208.3110321 222.9750413 428.5959794 501.0692363 512.1017546 523.1482563 564.4014473 606.3410682 646.2129146 669.1978351 738.8154197 789.6974680 834.7901495 871.8056368 942.5493028 973.7159858 1067.360148 1128.012951 1211.005531 1404.531788 1636.210660 1787.495267 1899.254082 2142.192953 2151.770193 2467.660760 3320.802835 3528.842430 4484.350470 5052.640608 5877.910544 6420.758276 7038.992350 7901.534475 9548.544357 11263.47675 15083.33282 17320.57915 18548.42380 25165.44962 29006.64710 47140.40320 66472.45914 88621.76695 144039.1819
