    unsorted:	 0.06910447028 0.07659247293 0.06598210708 0.06206381615 23.15740941 16.69253879 90.25215612 55.36360955 431.3510336 389.7287690 378.2759578 499.4899300 525.3575205 777.6793617 815.2994578 983.7010095 1031.682921 1146.052292 1723.551772 1585.428009 1897.641617 2411.043899 2342.532894 2547.153565 2665.990513 2849.197694 2918.787784 3469.705709 3740.359734 3847.733309 4226.288108 4395.491244 4790.325537 5112.980057 5214.886308 5627.431536 6665.738423 7008.962835 9110.744840 10202.86464 10390.33152 13064.41141 17432.22053 22140.69243 25588.17882 35785.54852 48300.62718 53451.85741
      sorted:	 0.06206381615 0.06598210708 0.06910447028 0.07659247293 16.69253879 23.15740941 55.36360955 90.25215612 378.2759578 389.7287690 431.3510336 499.4899300 525.3575205 777.6793617 815.2994578 983.7010095 1031.682921 1146.052292 1585.428009 1723.551772 1897.641617 2342.532894 2411.043899 2547.153565 2665.990513 2849.197694 2918.787784 3469.705709 3740.359734 3847.733309 4226.288108 4395.491244 4790.325537 5112.980057 5214.886308 5627.431536 6665.738423 7008.962835 9110.744840 10202.86464 10390.33152 13064.41141 17432.22053 22140.69243 25588.17882 35785.54852 48300.62718 53451.85741
