    unsorted:	 0.08037211406 0.08830216199 0.1069605284 4.531594061 506.1317087 515.5361332 533.3990692 476.3850344 569.8988935 610.1921576 653.5675313 683.0217996 721.9696846 789.7430986 852.7435144 286.6099346 348.7763492 237.9527282 60.49939128 73.91787590 932.7010710 949.8918775 1005.323414 1017.369122 1115.113655 1239.107018 1446.164570 1539.619788 1762.999086 2010.612469 2270.478821 2635.031985 2881.197968 3243.318669 3583.609067 4222.363467 5186.203899 5857.435927 6071.920160 6909.952915 7944.983739 9299.128060 9688.557227 15384.79292 19487.53114 22038.74040 25117.97564 47124.38757 59874.67736 76802.54578 12700452.33
      sorted:	 0.08037211406 0.08830216199 0.1069605284 4.531594061 60.49939128 73.91787590 237.9527282 286.6099346 348.7763492 476.3850344 506.1317087 515.5361332 533.3990692 569.8988935 610.1921576 653.5675313 683.0217996 721.9696846 789.7430986 852.7435144 932.7010710 949.8918775 1005.323414 1017.369122 1115.113655 1239.107018 1446.164570 1539.619788 1762.999086 2010.612469 2270.478821 2635.031985 2881.197968 3243.318669 3583.609067 4222.363467 5186.203899 5857.435927 6071.920160 6909.952915 7944.983739 9299.128060 9688.557227 15384.79292 19487.53114 22038.74040 25117.97564 47124.38757 59874.67736 76802.54578 12700452.33
