    unsorted:	 0.07960689233 0.07612219325 0.07108045116 0.4438293412 4.950466213 32.83588405 1102.274435 1159.085987 1054.728012 1018.112196 1230.652051 1276.485402 237.6675720 128.7709808 385.3132093 481.8262212 1838.449333 1987.707814 2568.060390 2614.631531 2850.249902 2922.280670 3209.639708 3950.726776 3847.086633 3727.943536 4013.744513 4267.642949 4605.915215 4722.697830 4896.541684 5264.858051 5504.382167 5937.619271 6493.256320 6895.529459 7610.635315 7676.557594 8290.283097 8509.767952 9526.131398 10096.63020 11545.62385 12655.55757 14469.83664 16445.89551 19236.51301 21570.53317 28154.51627 32790.95172 42387.31492 45803.18721 69986.69145 120006.9546
      sorted:	 0.07108045116 0.07612219325 0.07960689233 0.4438293412 4.950466213 32.83588405 128.7709808 237.6675720 385.3132093 481.8262212 1018.112196 1054.728012 1102.274435 1159.085987 1230.652051 1276.485402 1838.449333 1987.707814 2568.060390 2614.631531 2850.249902 2922.280670 3209.639708 3727.943536 3847.086633 3950.726776 4013.744513 4267.642949 4605.915215 4722.697830 4896.541684 5264.858051 5504.382167 5937.619271 6493.256320 6895.529459 7610.635315 7676.557594 8290.283097 8509.767952 9526.131398 10096.63020 11545.62385 12655.55757 14469.83664 16445.89551 19236.51301 21570.53317 28154.51627 32790.95172 42387.31492 45803.18721 69986.69145 120006.9546
