    unsorted:	 0.07966796558 0.07698383353 0.07111505568 0.9256747922 8.068680097 32.83134768 128.4459127 236.4614323 389.4842053 482.0073614 1107.504294 1125.731455 1016.243549 1043.025050 1201.375767 1332.569275 1957.078796 1813.754300 2545.460966 2590.323167 2737.517005 2884.912182 3231.592909 3365.453092 3941.736737 3735.906873 3857.282154 4091.508002 4615.171402 4685.565410 4931.585677 5313.895605 5462.932063 5538.871116 6071.480247 6506.434314 7514.793468 7712.731338 7914.921903 8409.919288 8803.918527 9555.174545 10399.45621 11779.19814 13126.28568 14758.61829 16592.72329 20520.97273 21921.55510 28634.35481 34202.40352 40972.95481 45935.48102 72050.82285 122455.3526
      sorted:	 0.07111505568 0.07698383353 0.07966796558 0.9256747922 8.068680097 32.83134768 128.4459127 236.4614323 389.4842053 482.0073614 1016.243549 1043.025050 1107.504294 1125.731455 1201.375767 1332.569275 1813.754300 1957.078796 2545.460966 2590.323167 2737.517005 2884.912182 3231.592909 3365.453092 3735.906873 3857.282154 3941.736737 4091.508002 4615.171402 4685.565410 4931.585677 5313.895605 5462.932063 5538.871116 6071.480247 6506.434314 7514.793468 7712.731338 7914.921903 8409.919288 8803.918527 9555.174545 10399.45621 11779.19814 13126.28568 14758.61829 16592.72329 20520.97273 21921.55510 28634.35481 34202.40352 40972.95481 45935.48102 72050.82285 122455.3526
