    unsorted:	 0.07960383042 0.07634090006 0.07111278077 1.678042602 5.141465461 32.80175815 128.1294082 235.8530583 389.3971578 481.7807458 1105.943080 1121.072664 1017.594866 1042.658261 1195.880980 1298.706586 1802.157708 1953.876444 2588.199962 2540.741153 2724.322943 2885.194695 3230.211117 3339.910323 3921.521795 3834.862389 3726.497169 4065.086495 4583.779054 4640.259223 4847.005994 5253.729860 5364.328080 5492.204397 5997.592736 6472.228994 7387.814003 7738.407809 7675.582687 8344.982265 8598.972067 9519.873344 10270.47830 11667.43450 12878.82297 14555.64716 16476.79785 19719.49885 21666.93838 28292.13538 33195.52498 40973.09187 45803.65830 70390.07857 119650.1648
      sorted:	 0.07111278077 0.07634090006 0.07960383042 1.678042602 5.141465461 32.80175815 128.1294082 235.8530583 389.3971578 481.7807458 1017.594866 1042.658261 1105.943080 1121.072664 1195.880980 1298.706586 1802.157708 1953.876444 2540.741153 2588.199962 2724.322943 2885.194695 3230.211117 3339.910323 3726.497169 3834.862389 3921.521795 4065.086495 4583.779054 4640.259223 4847.005994 5253.729860 5364.328080 5492.204397 5997.592736 6472.228994 7387.814003 7675.582687 7738.407809 8344.982265 8598.972067 9519.873344 10270.47830 11667.43450 12878.82297 14555.64716 16476.79785 19719.49885 21666.93838 28292.13538 33195.52498 40973.09187 45803.65830 70390.07857 119650.1648
