    unsorted:	 0.07960444468 0.07634103606 0.07111218100 1.678060730 5.141419240 32.80176006 128.1293632 235.8530138 389.3971563 481.7808313 1105.943055 1121.072636 1017.594859 1042.658207 1195.881071 1298.706487 1802.157540 1953.876589 2588.200094 2540.741256 2724.322891 2885.194834 3230.211120 3339.910300 3921.521671 3834.862460 3726.497351 4065.086500 4583.778914 4640.259353 4847.006055 5253.729816 5364.328103 5492.204377 5997.593000 6472.228978 7387.814047 7738.407882 7675.582847 8344.982560 8598.972228 9519.873451 10270.47837 11667.43452 12878.82315 14555.64738 16476.79808 19719.49914 21666.93879 28292.13684 33195.52615 40973.09186 45803.65881 70390.08119 119650.1933
      sorted:	 0.07111218100 0.07634103606 0.07960444468 1.678060730 5.141419240 32.80176006 128.1293632 235.8530138 389.3971563 481.7808313 1017.594859 1042.658207 1105.943055 1121.072636 1195.881071 1298.706487 1802.157540 1953.876589 2540.741256 2588.200094 2724.322891 2885.194834 3230.211120 3339.910300 3726.497351 3834.862460 3921.521671 4065.086500 4583.778914 4640.259353 4847.006055 5253.729816 5364.328103 5492.204377 5997.593000 6472.228978 7387.814047 7675.582847 7738.407882 8344.982560 8598.972228 9519.873451 10270.47837 11667.43452 12878.82315 14555.64738 16476.79808 19719.49914 21666.93879 28292.13684 33195.52615 40973.09186 45803.65881 70390.08119 119650.1933
