    unsorted:	 0.06894528123 0.07704643879 0.07036997762 0.09182545266 24.19204173 24.79441671 89.69765684 121.1202668 399.6955216 429.7955037 490.7963624 561.3552690 593.2083526 742.6696684 800.6382355 916.0582015 1056.696691 1059.219556 1422.621162 1665.074211 1694.274771 2052.920439 2133.006626 2224.962426 2410.319592 2491.931900 2526.907366 2700.550051 3075.844298 3261.741805 3494.643031 3743.111360 3987.247177 4268.235125 4660.443979 5086.963276 5567.109608 6308.909310 7637.422634 8842.525006 9636.125899 10744.46345 12658.55278 14669.98891 17995.04696 22692.92196 31959.06905 45767.65903 51213.60333
      sorted:	 0.06894528123 0.07036997762 0.07704643879 0.09182545266 24.19204173 24.79441671 89.69765684 121.1202668 399.6955216 429.7955037 490.7963624 561.3552690 593.2083526 742.6696684 800.6382355 916.0582015 1056.696691 1059.219556 1422.621162 1665.074211 1694.274771 2052.920439 2133.006626 2224.962426 2410.319592 2491.931900 2526.907366 2700.550051 3075.844298 3261.741805 3494.643031 3743.111360 3987.247177 4268.235125 4660.443979 5086.963276 5567.109608 6308.909310 7637.422634 8842.525006 9636.125899 10744.46345 12658.55278 14669.98891 17995.04696 22692.92196 31959.06905 45767.65903 51213.60333
