    unsorted:	 0.06966502700 0.06473260006 0.06490697277 0.07698362887 0.1207253968 9.173522633 189.8266044 194.5717489 65.15634763 386.7209418 452.4173075 909.3344204 939.2106057 1071.073341 1120.736613 1233.350558 1450.093382 1617.214804 1664.272215 1908.475222 2601.655581 3218.751221 3370.080584 4994.568798 4923.517145 5160.190744 4595.344130 4414.347821 5368.885048 6023.455258 6941.875439 7078.376483 7521.115885 7877.343977 8663.498200 9244.462597 9651.487281 10623.70751 11777.43722 12479.22197 12967.40834 14955.15409 20172.50805 27846.75671 30778.76877 46067.48722 47072.39054 49165.10393 79641.76917 511652.1466
      sorted:	 0.06473260006 0.06490697277 0.06966502700 0.07698362887 0.1207253968 9.173522633 65.15634763 189.8266044 194.5717489 386.7209418 452.4173075 909.3344204 939.2106057 1071.073341 1120.736613 1233.350558 1450.093382 1617.214804 1664.272215 1908.475222 2601.655581 3218.751221 3370.080584 4414.347821 4595.344130 4923.517145 4994.568798 5160.190744 5368.885048 6023.455258 6941.875439 7078.376483 7521.115885 7877.343977 8663.498200 9244.462597 9651.487281 10623.70751 11777.43722 12479.22197 12967.40834 14955.15409 20172.50805 27846.75671 30778.76877 46067.48722 47072.39054 49165.10393 79641.76917 511652.1466
