    unsorted:	 0.08140617968 0.08442994509 0.09473463817 0.03483545668 30.68569160 31.89038072 151.3158734 320.6946437 312.6567814 471.2519261 563.2314755 714.8983366 757.1399365 848.9298439 910.1253016 949.2345660 1068.850641 1196.145966 1130.325555 1288.377486 1417.692115 1461.578146 1517.841298 1717.660639 1821.585922 2039.983568 2136.649985 2226.846767 2434.331800 2676.387316 3350.482207 3466.400525 4076.470415 4242.182889 4480.819020 4745.790528 5538.507817 6445.245155 6852.826534 7336.474962 8037.338525 10045.81888 11505.18406 17154.67630 18961.19472 25841.52050 30094.18746 37068.43153 47137.31906 65155.48448 1203626.553
      sorted:	 0.03483545668 0.08140617968 0.08442994509 0.09473463817 30.68569160 31.89038072 151.3158734 312.6567814 320.6946437 471.2519261 563.2314755 714.8983366 757.1399365 848.9298439 910.1253016 949.2345660 1068.850641 1130.325555 1196.145966 1288.377486 1417.692115 1461.578146 1517.841298 1717.660639 1821.585922 2039.983568 2136.649985 2226.846767 2434.331800 2676.387316 3350.482207 3466.400525 4076.470415 4242.182889 4480.819020 4745.790528 5538.507817 6445.245155 6852.826534 7336.474962 8037.338525 10045.81888 11505.18406 17154.67630 18961.19472 25841.52050 30094.18746 37068.43153 47137.31906 65155.48448 1203626.553
