    unsorted:	 0.02811207410 -0.1045388362 0.2936876011 0.3287391436 -0.2045144083 22.42322121 23.05850156 -48.36346708 -47.43027647 238.8754354 226.4187686 424.2956119 449.1946247 537.6796454 772.6389782 891.5682957 1016.028558 1041.651662 1085.290607 1555.179592 1657.250929 1901.679388 1846.837259 2033.191536 2063.762350 2208.292065 2352.506056 2523.884515 2704.292640 -501.2626497 3374.473256 3435.490170 3714.664461 3902.620658 4230.707422 4305.204764 5002.434567 5449.630298 5792.542099 5908.244670 7083.888480 7236.971340 7845.536977 10593.60245 12460.52570 14568.29633 16480.64358 19038.69189 30956.62279 47272.75104 45449.62927
      sorted:	 -501.2626497 -48.36346708 -47.43027647 -0.2045144083 -0.1045388362 0.02811207410 0.2936876011 0.3287391436 22.42322121 23.05850156 226.4187686 238.8754354 424.2956119 449.1946247 537.6796454 772.6389782 891.5682957 1016.028558 1041.651662 1085.290607 1555.179592 1657.250929 1846.837259 1901.679388 2033.191536 2063.762350 2208.292065 2352.506056 2523.884515 2704.292640 3374.473256 3435.490170 3714.664461 3902.620658 4230.707422 4305.204764 5002.434567 5449.630298 5792.542099 5908.244670 7083.888480 7236.971340 7845.536977 10593.60245 12460.52570 14568.29633 16480.64358 19038.69189 30956.62279 45449.62927 47272.75104
