    unsorted:	 0.08017775190 0.08758487758 0.1590474511 1.733887835 502.5115217 501.5376539 535.0424843 477.6721641 573.4752387 605.2683021 638.0205154 707.0796029 679.8665541 786.5668178 809.8478658 858.7232785 895.6994763 207.8958266 215.6720953 143.9085706 62.46303250 1002.424575 1053.563586 1164.958038 1294.504806 1435.841436 1635.869665 1753.328110 1931.498150 2036.373970 2390.397331 2581.052063 2717.466886 2996.552854 3800.306768 4722.849473 5117.341650 5238.485159 5704.580473 5995.130788 6546.842801 7307.172717 9258.915027 9844.068290 12947.77557 15181.22462 17938.76337 19947.20612 25299.53499 32732.31641 36978.64741 42316.00000 68675.70898 90136.83301
      sorted:	 0.08017775190 0.08758487758 0.1590474511 1.733887835 62.46303250 143.9085706 207.8958266 215.6720953 477.6721641 501.5376539 502.5115217 535.0424843 573.4752387 605.2683021 638.0205154 679.8665541 707.0796029 786.5668178 809.8478658 858.7232785 895.6994763 1002.424575 1053.563586 1164.958038 1294.504806 1435.841436 1635.869665 1753.328110 1931.498150 2036.373970 2390.397331 2581.052063 2717.466886 2996.552854 3800.306768 4722.849473 5117.341650 5238.485159 5704.580473 5995.130788 6546.842801 7307.172717 9258.915027 9844.068290 12947.77557 15181.22462 17938.76337 19947.20612 25299.53499 32732.31641 36978.64741 42316.00000 68675.70898 90136.83301
