    unsorted:	 0.08019816446 0.08743158417 0.9524698507 1.511880299 535.0479048 502.9850081 499.1039164 573.2793575 609.1866641 639.0133922 667.6199776 701.2195080 723.0484778 787.7048082 418.5060920 879.6534644 853.6682988 901.8523031 206.3301455 214.8380528 239.2652256 62.94967012 1055.143575 1128.677817 1177.559180 1309.252354 1439.242838 1692.590626 1772.003797 1895.447095 2046.622842 2427.738035 2702.142184 2841.469699 3111.374611 3896.085528 4971.497982 5231.970918 5887.591812 6314.313175 6677.358268 7456.180747 9353.280280 9949.838237 13678.56236 15181.41797 18480.59087 17934.78503 25233.92801 32789.58479 37287.94405 40914.24700 68746.42473 90331.98305 8801842.338
      sorted:	 0.08019816446 0.08743158417 0.9524698507 1.511880299 62.94967012 206.3301455 214.8380528 239.2652256 418.5060920 499.1039164 502.9850081 535.0479048 573.2793575 609.1866641 639.0133922 667.6199776 701.2195080 723.0484778 787.7048082 853.6682988 879.6534644 901.8523031 1055.143575 1128.677817 1177.559180 1309.252354 1439.242838 1692.590626 1772.003797 1895.447095 2046.622842 2427.738035 2702.142184 2841.469699 3111.374611 3896.085528 4971.497982 5231.970918 5887.591812 6314.313175 6677.358268 7456.180747 9353.280280 9949.838237 13678.56236 15181.41797 17934.78503 18480.59087 25233.92801 32789.58479 37287.94405 40914.24700 68746.42473 90331.98305 8801842.338
