    unsorted:	 0.005010091183 0.08020188328 0.08743339647 0.1595334288 534.7133280 502.6171787 498.6864608 572.7878208 605.2144849 638.7990286 699.5224623 721.4185194 786.3068781 832.3016734 850.5517601 877.5724223 900.6280261 418.0492470 206.6799145 216.7617536 144.5900514 62.22414222 1054.435034 1134.198810 1304.886537 1345.431892 1619.601109 1697.553980 1894.248388 1976.832123 2244.922557 2492.361291 2731.264769 2833.558441 3804.816128 4723.603811 5089.889091 5227.890413 5881.952606 6220.257856 6667.494156 7398.548798 9264.614249 9536.023090 13762.28803 15248.04800 18150.33691 19967.03687 25324.53362 30208.70587 35613.03522 40911.77010 68688.86311 87697.63027 97652.69236
      sorted:	 0.005010091183 0.08020188328 0.08743339647 0.1595334288 62.22414222 144.5900514 206.6799145 216.7617536 418.0492470 498.6864608 502.6171787 534.7133280 572.7878208 605.2144849 638.7990286 699.5224623 721.4185194 786.3068781 832.3016734 850.5517601 877.5724223 900.6280261 1054.435034 1134.198810 1304.886537 1345.431892 1619.601109 1697.553980 1894.248388 1976.832123 2244.922557 2492.361291 2731.264769 2833.558441 3804.816128 4723.603811 5089.889091 5227.890413 5881.952606 6220.257856 6667.494156 7398.548798 9264.614249 9536.023090 13762.28803 15248.04800 18150.33691 19967.03687 25324.53362 30208.70587 35613.03522 40911.77010 68688.86311 87697.63027 97652.69236
