    unsorted:	 0.08150997251 0.08399672457 0.06864095073 37.05199665 40.79796819 142.5506196 140.0828472 243.3068871 309.6662209 847.8667523 851.5235617 770.0974768 726.7634059 917.0981811 962.3452943 631.9627755 564.3246937 1089.271617 1209.374040 1453.846780 1303.978015 1438.068898 1492.451258 1513.064155 1727.988263 1924.896334 2015.957344 2071.731754 2244.502335 2432.916446 2679.145823 3353.107696 3431.858751 4020.789722 4093.398465 4436.724888 4701.010203 5389.349793 5729.105270 6207.044738 6496.049995 7902.411066 9574.752788 10959.89252 15188.71175 19050.66898 24676.15412 28858.37216 36034.81024 47149.97500 59829.67130
      sorted:	 0.06864095073 0.08150997251 0.08399672457 37.05199665 40.79796819 140.0828472 142.5506196 243.3068871 309.6662209 564.3246937 631.9627755 726.7634059 770.0974768 847.8667523 851.5235617 917.0981811 962.3452943 1089.271617 1209.374040 1303.978015 1438.068898 1453.846780 1492.451258 1513.064155 1727.988263 1924.896334 2015.957344 2071.731754 2244.502335 2432.916446 2679.145823 3353.107696 3431.858751 4020.789722 4093.398465 4436.724888 4701.010203 5389.349793 5729.105270 6207.044738 6496.049995 7902.411066 9574.752788 10959.89252 15188.71175 19050.66898 24676.15412 28858.37216 36034.81024 47149.97500 59829.67130
