    unsorted:	 0.08030399007 0.08478324313 0.08765063798 590.3316252 588.2085779 520.7957716 526.7079855 549.7958296 492.0144945 634.6079168 663.0554982 688.0877128 705.2429123 745.3549353 879.7955730 895.2275204 275.2282970 231.8612545 313.1477478 6.806675132 57.12851963 88.36813365 997.1362570 1003.377609 1106.338568 1267.521054 1440.832009 1490.220975 1813.763965 2042.637103 2258.223599 2452.745461 2802.818212 3317.137143 3996.756719 4515.031162 5467.509142 5867.272488 5946.516568 6844.727586 7155.012452 8321.725063 9995.595816 16052.24312 19354.09714 21873.20100 25294.87345 47127.63446 60387.15448 76946.82670 15024934.24
      sorted:	 0.08030399007 0.08478324313 0.08765063798 6.806675132 57.12851963 88.36813365 231.8612545 275.2282970 313.1477478 492.0144945 520.7957716 526.7079855 549.7958296 588.2085779 590.3316252 634.6079168 663.0554982 688.0877128 705.2429123 745.3549353 879.7955730 895.2275204 997.1362570 1003.377609 1106.338568 1267.521054 1440.832009 1490.220975 1813.763965 2042.637103 2258.223599 2452.745461 2802.818212 3317.137143 3996.756719 4515.031162 5467.509142 5867.272488 5946.516568 6844.727586 7155.012452 8321.725063 9995.595816 16052.24312 19354.09714 21873.20100 25294.87345 47127.63446 60387.15448 76946.82670 15024934.24
