    unsorted:	 0.07954494054 0.08536462589 0.04943365208 7.857872898 14.09959575 519.1509034 516.6812410 537.8588644 544.9711242 578.0440014 617.6009866 658.6492835 671.6219906 738.3454993 754.4319201 783.3892956 430.9055951 213.9882769 259.0377450 246.5579952 103.0592527 909.2200141 934.2658386 1034.947094 1081.584156 1166.341280 1373.909736 1566.289891 1890.120991 1954.126014 2029.391768 2182.495827 2716.733627 2913.615746 3332.680200 4002.173757 4134.937940 5622.387439 5694.112625 5912.521469 6565.140399 7960.414910 10534.11789 17214.85428 18567.20645 20799.01225 25938.62896 47139.06617 60126.11068 76527.60189 19636551.95
      sorted:	 0.04943365208 0.07954494054 0.08536462589 7.857872898 14.09959575 103.0592527 213.9882769 246.5579952 259.0377450 430.9055951 516.6812410 519.1509034 537.8588644 544.9711242 578.0440014 617.6009866 658.6492835 671.6219906 738.3454993 754.4319201 783.3892956 909.2200141 934.2658386 1034.947094 1081.584156 1166.341280 1373.909736 1566.289891 1890.120991 1954.126014 2029.391768 2182.495827 2716.733627 2913.615746 3332.680200 4002.173757 4134.937940 5622.387439 5694.112625 5912.521469 6565.140399 7960.414910 10534.11789 17214.85428 18567.20645 20799.01225 25938.62896 47139.06617 60126.11068 76527.60189 19636551.95
