    unsorted:	 0.07805643320 0.07783486434 0.06885304236 0.1106572444 2.806612666 15.74486636 199.6386435 195.9817792 239.6857440 294.9910657 298.0208788 77.83767940 415.9693274 554.2169982 625.9388900 670.4968515 867.5831754 936.2808208 1052.309594 1092.159830 1192.672021 1310.203224 1439.799178 1536.597943 1576.498183 1862.845909 1928.647685 1964.665051 2095.416749 2262.228888 2484.332400 2978.265080 3284.636832 4020.992725 4063.204133 4150.696411 4525.631925 5171.725106 6257.124999 8099.071514 8333.409035 11180.49573 14695.70080 16761.67936 21679.78010 31055.99947 42332.85023 53400.12997
      sorted:	 0.06885304236 0.07783486434 0.07805643320 0.1106572444 2.806612666 15.74486636 77.83767940 195.9817792 199.6386435 239.6857440 294.9910657 298.0208788 415.9693274 554.2169982 625.9388900 670.4968515 867.5831754 936.2808208 1052.309594 1092.159830 1192.672021 1310.203224 1439.799178 1536.597943 1576.498183 1862.845909 1928.647685 1964.665051 2095.416749 2262.228888 2484.332400 2978.265080 3284.636832 4020.992725 4063.204133 4150.696411 4525.631925 5171.725106 6257.124999 8099.071514 8333.409035 11180.49573 14695.70080 16761.67936 21679.78010 31055.99947 42332.85023 53400.12997
