    unsorted:	 0.07641697659 0.06922881698 0.06546925516 1.451557634 5.629033664 18.87928171 105.6847415 62.99868800 167.8359996 259.0127750 363.8785738 375.6595244 424.3023838 903.5237977 964.5156656 1005.007806 1214.366895 1309.584998 1388.414089 1552.442145 2244.705299 2477.715051 3019.449473 3244.175213 3444.668882 3598.693620 3948.059987 4180.111882 5031.654345 5065.385538 5465.184926 5704.853832 6139.215350 6451.121559 6593.930539 6963.579344 7807.203721 9395.775026 10548.53708 10886.14407 13407.49598 17901.04347 25583.59851 27038.20433 38720.37045 43901.85970 53466.46523 88730.37404
      sorted:	 0.06546925516 0.06922881698 0.07641697659 1.451557634 5.629033664 18.87928171 62.99868800 105.6847415 167.8359996 259.0127750 363.8785738 375.6595244 424.3023838 903.5237977 964.5156656 1005.007806 1214.366895 1309.584998 1388.414089 1552.442145 2244.705299 2477.715051 3019.449473 3244.175213 3444.668882 3598.693620 3948.059987 4180.111882 5031.654345 5065.385538 5465.184926 5704.853832 6139.215350 6451.121559 6593.930539 6963.579344 7807.203721 9395.775026 10548.53708 10886.14407 13407.49598 17901.04347 25583.59851 27038.20433 38720.37045 43901.85970 53466.46523 88730.37404
