    unsorted:	 0.08010403971 0.08023652209 0.06737477958 3.235163271 26.14493417 93.90570450 79.59602863 183.5970915 250.9919325 232.4661691 489.5932152 485.4808159 452.9781288 738.2427723 787.0536596 832.7364436 922.9009460 1041.379950 1061.193538 1249.576560 1299.342305 1413.930112 1561.486996 1709.170910 1807.913587 1934.409000 2146.298736 2364.776995 2459.761439 2763.142979 2913.465858 3245.692298 3702.684402 3932.967140 4021.909820 4495.511521 4872.581575 5416.178810 6018.437757 6664.830221 8587.317396 9486.814134 11720.55728 17015.34671 22484.13015 25099.07075 31329.69655 34987.01080 49064.13961 79998.13614
      sorted:	 0.06737477958 0.08010403971 0.08023652209 3.235163271 26.14493417 79.59602863 93.90570450 183.5970915 232.4661691 250.9919325 452.9781288 485.4808159 489.5932152 738.2427723 787.0536596 832.7364436 922.9009460 1041.379950 1061.193538 1249.576560 1299.342305 1413.930112 1561.486996 1709.170910 1807.913587 1934.409000 2146.298736 2364.776995 2459.761439 2763.142979 2913.465858 3245.692298 3702.684402 3932.967140 4021.909820 4495.511521 4872.581575 5416.178810 6018.437757 6664.830221 8587.317396 9486.814134 11720.55728 17015.34671 22484.13015 25099.07075 31329.69655 34987.01080 49064.13961 79998.13614
