    unsorted:	 0.08147291953 0.08441655113 0.07006495980 30.12853689 31.71797769 933.9816483 900.0240914 872.7951864 1039.407522 744.0855975 701.0467608 1161.383804 1113.718124 1243.435822 573.6425394 1378.716184 1422.494657 1464.280060 1570.490960 463.5059503 320.1583216 297.7605989 249.2391805 171.4489758 1672.921120 1773.463422 1985.152796 2072.975633 2164.203454 2364.180372 2599.598813 3283.881417 3399.104703 4088.819164 4219.764296 4369.776036 4661.747872 5369.684956 6275.328757 6644.706792 7289.688283 7912.995921 9749.708179 10962.17171 15334.31111 18472.10123 24539.74239 28449.44418 35968.94871 47137.64506 56004.96921
      sorted:	 0.07006495980 0.08147291953 0.08441655113 30.12853689 31.71797769 171.4489758 249.2391805 297.7605989 320.1583216 463.5059503 573.6425394 701.0467608 744.0855975 872.7951864 900.0240914 933.9816483 1039.407522 1113.718124 1161.383804 1243.435822 1378.716184 1422.494657 1464.280060 1570.490960 1672.921120 1773.463422 1985.152796 2072.975633 2164.203454 2364.180372 2599.598813 3283.881417 3399.104703 4088.819164 4219.764296 4369.776036 4661.747872 5369.684956 6275.328757 6644.706792 7289.688283 7912.995921 9749.708179 10962.17171 15334.31111 18472.10123 24539.74239 28449.44418 35968.94871 47137.64506 56004.96921
