    unsorted:	 0.06939206941 0.07796087135 0.07521370891 0.06466147156 1.256217427 63.22711098 94.19249571 309.4273835 302.4711869 928.3268485 971.1161722 776.2810422 829.5036114 1240.314753 1429.090675 1654.826831 1811.186883 1961.486553 2673.917910 2901.587376 3302.165170 4961.609384 5019.988101 4639.732075 4427.950422 5167.514482 5351.090625 5471.061073 6150.886308 7015.796806 7223.495707 7570.057432 7943.022727 8089.229767 8851.686864 9172.275482 9754.190239 10947.59476 11481.84245 12291.79027 13700.08228 15757.69194 16885.57251 20959.26741 29731.01917 32244.04785 47277.66650 46847.40459 50137.24835 97270.57518 782518.2549
      sorted:	 0.06466147156 0.06939206941 0.07521370891 0.07796087135 1.256217427 63.22711098 94.19249571 302.4711869 309.4273835 776.2810422 829.5036114 928.3268485 971.1161722 1240.314753 1429.090675 1654.826831 1811.186883 1961.486553 2673.917910 2901.587376 3302.165170 4427.950422 4639.732075 4961.609384 5019.988101 5167.514482 5351.090625 5471.061073 6150.886308 7015.796806 7223.495707 7570.057432 7943.022727 8089.229767 8851.686864 9172.275482 9754.190239 10947.59476 11481.84245 12291.79027 13700.08228 15757.69194 16885.57251 20959.26741 29731.01917 32244.04785 46847.40459 47277.66650 50137.24835 97270.57518 782518.2549
