    unsorted:	 0.08072275149 0.08061613972 0.06900138243 2.602130969 15.54546920 234.6277396 250.0922813 265.1403698 188.4798634 64.16497840 437.7040807 455.9521989 583.3582092 691.8039898 666.3871495 869.0406651 841.4403764 996.3284772 963.5236638 1086.298881 1155.715056 1241.593148 1300.142547 1334.799521 1432.311465 1468.282576 1623.095349 1833.271555 1952.828157 2023.770171 2190.664907 2374.435180 2895.258982 3459.750248 3796.957447 3953.696381 4114.721609 4287.834674 5153.952322 5270.015117 6552.780259 8201.836832 10080.58402 13305.90879 16835.23322 18690.46928 25398.75937 32040.89518 44859.50545 49024.05665
      sorted:	 0.06900138243 0.08061613972 0.08072275149 2.602130969 15.54546920 64.16497840 188.4798634 234.6277396 250.0922813 265.1403698 437.7040807 455.9521989 583.3582092 666.3871495 691.8039898 841.4403764 869.0406651 963.5236638 996.3284772 1086.298881 1155.715056 1241.593148 1300.142547 1334.799521 1432.311465 1468.282576 1623.095349 1833.271555 1952.828157 2023.770171 2190.664907 2374.435180 2895.258982 3459.750248 3796.957447 3953.696381 4114.721609 4287.834674 5153.952322 5270.015117 6552.780259 8201.836832 10080.58402 13305.90879 16835.23322 18690.46928 25398.75937 32040.89518 44859.50545 49024.05665
