    unsorted:	 0.07881192914 0.06994523981 0.07604948766 0.06550541641 45.37983580 58.38892365 988.0036586 976.5875204 1037.913844 111.8807057 270.0259674 329.0898056 868.9109452 714.4073831 1197.532402 1267.581242 1408.272944 1642.330426 2443.614949 2695.360851 2829.961263 3323.972940 3452.537381 3621.450927 4013.162530 3894.707682 4278.186359 4906.171988 5185.412696 5294.190484 5434.048204 5577.504782 5799.973257 6310.531598 6646.087646 7095.432941 7342.157210 7887.255248 8960.725135 10196.38720 10825.01585 12117.99055 14223.86488 16101.98215 20952.74198 30195.01945 34248.70417 47246.45623 44910.35771 66752.06209 353988.0162
      sorted:	 0.06550541641 0.06994523981 0.07604948766 0.07881192914 45.37983580 58.38892365 111.8807057 270.0259674 329.0898056 714.4073831 868.9109452 976.5875204 988.0036586 1037.913844 1197.532402 1267.581242 1408.272944 1642.330426 2443.614949 2695.360851 2829.961263 3323.972940 3452.537381 3621.450927 3894.707682 4013.162530 4278.186359 4906.171988 5185.412696 5294.190484 5434.048204 5577.504782 5799.973257 6310.531598 6646.087646 7095.432941 7342.157210 7887.255248 8960.725135 10196.38720 10825.01585 12117.99055 14223.86488 16101.98215 20952.74198 30195.01945 34248.70417 44910.35771 47246.45623 66752.06209 353988.0162
