    unsorted:	 0.08179855601 0.08452072227 0.07053735322 28.58487861 31.77156138 933.8616729 973.9401124 877.1471080 867.0811944 1075.775581 1084.092949 1150.443321 698.9393386 666.0716456 607.6536508 1259.542278 1296.723584 1343.566863 444.3015665 320.7449387 283.5365277 261.6235827 206.9536099 1503.528344 1703.430036 1727.116162 1805.060786 1892.669739 1952.326872 2097.807434 2332.371053 2935.414244 3183.634210 3780.330470 3998.704971 4094.683614 4297.494714 4950.009439 5825.189345 6192.700740 6994.250045 7359.058563 9358.072035 10389.43144 14456.77278 16178.49564 23320.41472 27805.27659 34750.77402 47124.23486 46455.13176
      sorted:	 0.07053735322 0.08179855601 0.08452072227 28.58487861 31.77156138 206.9536099 261.6235827 283.5365277 320.7449387 444.3015665 607.6536508 666.0716456 698.9393386 867.0811944 877.1471080 933.8616729 973.9401124 1075.775581 1084.092949 1150.443321 1259.542278 1296.723584 1343.566863 1503.528344 1703.430036 1727.116162 1805.060786 1892.669739 1952.326872 2097.807434 2332.371053 2935.414244 3183.634210 3780.330470 3998.704971 4094.683614 4297.494714 4950.009439 5825.189345 6192.700740 6994.250045 7359.058563 9358.072035 10389.43144 14456.77278 16178.49564 23320.41472 27805.27659 34750.77402 46455.13176 47124.23486
