    unsorted:	 0.08169648555 0.08363437173 0.06997186972 29.46157149 25.06450803 102.2000046 188.3560147 228.2881967 308.5273241 828.3479392 835.8927545 880.5042164 922.8795878 575.0124981 456.8319595 1182.458724 1231.158103 1095.787109 1371.610096 1342.838689 1428.858137 1454.363967 1781.961945 1752.072886 1821.194312 1964.303488 2016.366221 2196.854823 2565.250157 2911.342976 2950.476142 3130.254515 3448.463637 3802.751172 4161.203877 4704.042882 4856.949066 5244.942177 6118.928626 6483.320903 6798.845753 7501.453218 7602.872335 9963.924219 11641.03991 13231.10810 15506.91257 17646.07980 20205.10845 29105.64112 35214.88101 41298.45031 42332.74706 59313.20241
      sorted:	 0.06997186972 0.08169648555 0.08363437173 25.06450803 29.46157149 102.2000046 188.3560147 228.2881967 308.5273241 456.8319595 575.0124981 828.3479392 835.8927545 880.5042164 922.8795878 1095.787109 1182.458724 1231.158103 1342.838689 1371.610096 1428.858137 1454.363967 1752.072886 1781.961945 1821.194312 1964.303488 2016.366221 2196.854823 2565.250157 2911.342976 2950.476142 3130.254515 3448.463637 3802.751172 4161.203877 4704.042882 4856.949066 5244.942177 6118.928626 6483.320903 6798.845753 7501.453218 7602.872335 9963.924219 11641.03991 13231.10810 15506.91257 17646.07980 20205.10845 29105.64112 35214.88101 41298.45031 42332.74706 59313.20241
