    unsorted:	 0.08180296341 0.08338466154 0.06994703830 29.53311104 23.46987696 90.04073973 188.8853730 196.5430096 305.7683729 861.7816278 835.0998570 808.7041304 900.1830737 1127.690953 1076.492863 1203.497580 572.9332889 457.7101497 1365.013102 1289.651570 1429.280442 1441.161706 1782.556207 1761.301438 1728.173009 1852.328313 1963.006994 2118.532207 2205.845601 2578.833275 2919.244713 3013.121435 3404.692771 3547.641986 3858.075994 4166.121596 4739.185804 4923.890163 5951.911532 6255.985965 6584.454171 6959.023707 7573.982310 7771.773954 10087.82895 12244.43932 13467.37177 16657.46505 17984.40140 20413.36369 29680.42309 35423.30057 40899.85756 42132.43356 60251.80419
      sorted:	 0.06994703830 0.08180296341 0.08338466154 23.46987696 29.53311104 90.04073973 188.8853730 196.5430096 305.7683729 457.7101497 572.9332889 808.7041304 835.0998570 861.7816278 900.1830737 1076.492863 1127.690953 1203.497580 1289.651570 1365.013102 1429.280442 1441.161706 1728.173009 1761.301438 1782.556207 1852.328313 1963.006994 2118.532207 2205.845601 2578.833275 2919.244713 3013.121435 3404.692771 3547.641986 3858.075994 4166.121596 4739.185804 4923.890163 5951.911532 6255.985965 6584.454171 6959.023707 7573.982310 7771.773954 10087.82895 12244.43932 13467.37177 16657.46505 17984.40140 20413.36369 29680.42309 35423.30057 40899.85756 42132.43356 60251.80419
