    unsorted:	 0.08178459327 0.08360729836 0.06995323816 29.50478672 24.81543464 1356.860067 1428.262945 1438.317385 1280.348206 1199.539181 1115.477997 1101.312521 843.6670360 859.3813272 897.0422251 805.7582987 1632.200083 1771.244465 1749.405952 1833.113770 574.8964559 457.5806936 189.1148578 229.1629768 306.5648270 106.4527869 1952.256077 2077.660135 2187.354908 2563.835415 2909.797534 2992.419069 3297.343192 3479.009875 3826.492958 4166.859598 4722.848657 4904.158661 5543.124064 6156.854526 6516.399678 6839.743417 7527.198393 7643.299010 10029.56325 11765.93768 13324.42713 15814.26217 17784.55730 20307.52479 29288.18203 35371.71755 40895.81264 41778.30662 59917.24540
      sorted:	 0.06995323816 0.08178459327 0.08360729836 24.81543464 29.50478672 106.4527869 189.1148578 229.1629768 306.5648270 457.5806936 574.8964559 805.7582987 843.6670360 859.3813272 897.0422251 1101.312521 1115.477997 1199.539181 1280.348206 1356.860067 1428.262945 1438.317385 1632.200083 1749.405952 1771.244465 1833.113770 1952.256077 2077.660135 2187.354908 2563.835415 2909.797534 2992.419069 3297.343192 3479.009875 3826.492958 4166.859598 4722.848657 4904.158661 5543.124064 6156.854526 6516.399678 6839.743417 7527.198393 7643.299010 10029.56325 11765.93768 13324.42713 15814.26217 17784.55730 20307.52479 29288.18203 35371.71755 40895.81264 41778.30662 59917.24540
