    unsorted:	 0.08177193849 0.08360900636 0.06995403562 29.50476557 24.81540865 1356.860009 1428.262973 1438.317434 1280.348189 1199.539165 1115.478099 1101.312598 843.6669522 859.3812808 897.0421999 805.7582836 1632.200122 1771.244503 1749.405836 1833.113836 574.8964448 457.5809126 189.1149775 229.1629793 306.5648303 106.4527049 1952.256171 2077.660134 2187.354947 2563.835421 2909.797571 2992.419024 3297.343236 3479.009936 3826.492827 4166.859515 4722.848814 4904.158648 5543.124218 6156.854355 6516.399766 6839.743548 7527.198529 7643.299260 10029.56351 11765.93752 13324.42680 15814.26249 17784.55672 20307.52538 29288.18200 35371.71880 40895.81268 41778.30876 59917.25015
      sorted:	 0.06995403562 0.08177193849 0.08360900636 24.81540865 29.50476557 106.4527049 189.1149775 229.1629793 306.5648303 457.5809126 574.8964448 805.7582836 843.6669522 859.3812808 897.0421999 1101.312598 1115.478099 1199.539165 1280.348189 1356.860009 1428.262973 1438.317434 1632.200122 1749.405836 1771.244503 1833.113836 1952.256171 2077.660134 2187.354947 2563.835421 2909.797571 2992.419024 3297.343236 3479.009936 3826.492827 4166.859515 4722.848814 4904.158648 5543.124218 6156.854355 6516.399766 6839.743548 7527.198529 7643.299260 10029.56351 11765.93752 13324.42680 15814.26249 17784.55672 20307.52538 29288.18200 35371.71880 40895.81268 41778.30876 59917.25015
