    unsorted:	 0.07920221274 0.08468420849 0.06972178060 0.1372325127 3.555377080 569.1903829 550.9014828 622.7659245 523.5646827 661.2307862 675.5795081 711.1861120 458.1103919 426.7231950 779.7018569 814.5830605 870.5926749 877.1275595 180.8289260 200.5502872 233.3842801 116.2794369 1056.286454 1116.791487 1241.071167 1335.357638 1596.967401 1668.926854 1782.440755 1888.730498 2096.913287 2417.305814 3006.333719 3560.996456 3996.760283 5035.291951 5455.310458 6088.714702 6322.047446 7286.026064 8233.785177 12866.22015 15607.48866 18518.90140 20842.55361 27864.97621 47166.82808 58162.25349 74506.97045 144693.5135 196429.3691
      sorted:	 0.06972178060 0.07920221274 0.08468420849 0.1372325127 3.555377080 116.2794369 180.8289260 200.5502872 233.3842801 426.7231950 458.1103919 523.5646827 550.9014828 569.1903829 622.7659245 661.2307862 675.5795081 711.1861120 779.7018569 814.5830605 870.5926749 877.1275595 1056.286454 1116.791487 1241.071167 1335.357638 1596.967401 1668.926854 1782.440755 1888.730498 2096.913287 2417.305814 3006.333719 3560.996456 3996.760283 5035.291951 5455.310458 6088.714702 6322.047446 7286.026064 8233.785177 12866.22015 15607.48866 18518.90140 20842.55361 27864.97621 47166.82808 58162.25349 74506.97045 144693.5135 196429.3691
