    unsorted:	 0.08225672480 0.07226921751 0.08451235472 859.2488668 858.5476452 830.4011293 948.9954145 977.0053517 1006.953787 1086.993025 1055.951369 1153.311141 1193.389583 665.0189736 669.5990296 624.2091879 413.3660913 353.7790375 315.7017423 253.8929319 25.84227802 38.16217464 167.0034603 1330.498707 1521.752549 1604.013834 1622.889046 1699.482885 2038.927749 2081.702902 2376.308357 2573.531954 3098.971040 3374.085928 3615.072940 3935.458730 4265.499100 4535.477309 5360.628339 5701.805750 6776.287407 7510.902993 8775.342731 10279.22112 12854.30663 15449.44955 17382.47674 28668.31936 36800.49812 47113.92248
      sorted:	 0.07226921751 0.08225672480 0.08451235472 25.84227802 38.16217464 167.0034603 253.8929319 315.7017423 353.7790375 413.3660913 624.2091879 665.0189736 669.5990296 830.4011293 858.5476452 859.2488668 948.9954145 977.0053517 1006.953787 1055.951369 1086.993025 1153.311141 1193.389583 1330.498707 1521.752549 1604.013834 1622.889046 1699.482885 2038.927749 2081.702902 2376.308357 2573.531954 3098.971040 3374.085928 3615.072940 3935.458730 4265.499100 4535.477309 5360.628339 5701.805750 6776.287407 7510.902993 8775.342731 10279.22112 12854.30663 15449.44955 17382.47674 28668.31936 36800.49812 47113.92248
